-1.42733 
-7.76160 
-12.16259 
1.09835 
-0.39279 
-13.98142 
7.66272 
-26.89608 
-25.80098 
-24.45773 
-2328.21716 
8.37504 
-12.70045 
14.80141 
8.34006 
-15.67211 
-9.58757 
-3.86497 
7.19644 
-2.64067 
12.20168 
-3.66343 
0.31115 
6.22009 
-244.45654 
-11628.00517 
3.03697 
4.03013 
-23.93847 
-99.37989 
-2232.73506 
11.90815 
-3.60954 
24.05838 
-15.93510 
-7.62827 
-7.87792 
-17.69151 
-13.66237 
-2029.10274 
27.27509 
-5.81349 
-4.46426 
-696.56922 
-13.07681 
9.47164 
-2.12444 
26.37446 
-108.88490 
-3.96720 
3.29423 
-986.19301 
-12.20421 
-138.65548 
-6.31652 
15.57187 
13.40581 
-12.77783 
-168.04327 
-25.89780 
6.27919 
-53.41961 
6.19588 
-25.40442 
0.92603 
6.97299 
-6.89758 
-26.74571 
-8.92378 
7.69530 
3.72504 
24.60207 
7.48325 
10.96235 
-10.10302 
-15.42823 
-22.29330 
-12.11620 
13.50390 
-19.67345 
26.50757 
0.79594 
1.92212 
24.51336 
6.84561 
-232.43436 
-10.00133 
-5.79718 
3.11017 
-6555.44904 
-2264.87760 
-5.00457 
-95.75000 
6.23952 
-55.61309 
2.85323 
-9.42047 
22.21154 
10.05405 
-11.46082 
-6.57344 
13.10065 
-14.64762 
-957.75731 
-19.19905 
-10.67588 
-2.23714 
-0.19370 
1.19219 
-13.65374 
-0.02170 
-30.67685 
-24.49610 
-9.69576 
-27.38428 
8.39407 
2.66718 
-1.10019 
16.96835 
-11.14480 
-22.90678 
-10.25722 
-528.52795 
19.51131 
-1517.50305 
21.90485 
3.68238 
-4.93614 
-11.85868 
10.77538 
-13.10745 
-30.14413 
-7.33602 
28.81597 
-4.50311 
0.22839 
-4.52531 
6.91544 
13.04273 
-28.87359 
10.32715 
-100.78607 
-4.61681 
-3.73178 
-4976.75342 
-29.62990 
9.68075 
0.70720 
-5.48179 
17.93360 
14.97026 
-36.76035 
-27.42167 
7.20453 
-19.37291 
26.84595 
4.94604 
-39.62142 
19.75938 
-15.93508 
-55.48171 
-2.22813 
-11.35001 
17.71807 
-66.24960 
12.65095 
16.87948 
-36.02314 
-15.51395 
-1339.31535 
13.39542 
4.72607 
5.94603 
-9.02232 
5.74466 
-14.44802 
3.16098 
5.64586 
5.66643 
15.48388 
-9.99264 
8.53620 
-9.62755 
-438.31287 
-741.80794 
-17.96659 
10.94124 
7.06341 
-9.34649 
28.30315 
-5.56645 
-1899.07218 
11.12225 
-1.07164 
16.13754 
14.95886 
7.66629 
-1.42917 
22.95204 
-675.81111 
11.52416 
-14.36724 
1.29007 
-7.02856 
-160.32371 
-18.86883 
9.03818 
-265.87175 
-0.26512 
17.31194 
2.73682 
21.49285 
-19.98757 
3.88904 
28.63071 
6.65184 
23.33092 
-40.90199 
4.00314 
15.76971 
-6.42683 
-9.09911 
-5.75514 
-98.29047 
-5.18745 
-163.38759 
-23.80413 
-0.95293 
34.24195 
-9.49536 
7.07687 
8.41681 
-40.78898 
-75.37689 
13.14770 
5.11477 
2.57619 
-15.01868 
-2.50594 
28.66782 
29.80246 
6.40380 
-10.87602 
1.39375 
-484.68694 
12.41852 
3.92243 
0.97721 
-11.52598 
4.91861 
-37.92121 
8.22668 
-782.73282 
-1461.04623 
11.38294 
-14.15896 
7.64264 
1.62521 
-64.61105 
25.63107 
-24.22173 
-120.83571 
2.73406 
-6.34489 
-14.71818 
2.06209 
-59.00334 
-57.11765 
-21.81403 
-24.06586 
-15.04846 
-28.09446 
-55.17421 
2.11777 
12.36889 
-33.16247 
-2.09633 
12.59016 
5.81035 
-5.48844 
1.22900 
-2852.54828 
-138.52909 
-152.49542 
11.96455 
22.82776 
18.68786 
14.97825 
-70.06310 
-0.08802 
8.81028 
-16.85195 
-731.90519 
-17.27312 
20.11915 
-37.66422 
2.12000 
6.48134 
-21.25270 
-7.84223 
15.56852 
-22.43009 
-18.18818 
-5.46694 
0.12111 
1.01998 
11.65771 
11.57746 
-3.39384 
19.72783 
-12.60017 
12.67178 
-19.91154 
-17.06427 
17.25060 
-33.82965 
-566.19194 
-14.43839 
6.09705 
-1024.00196 
-152.09996 
14.74200 
-5.09912 
-8.15070 
12.71634 
-28.61109 
10.35880 
-93.70216 
-165.99897 
-9.17828 
-68.17052 
8.65154 
-14362.13465 
-7.20787 
26.00773 
-39.12293 
10.86752 
-10.55171 
-1.84233 
-12.32887 
-3.28161 
24.94679 
-27.87459 
11.12056 
-34.59670 
-273.00558 
23.02486 
12.29567 
-23.89227 
-1108.97411 
6.80974 
8.63992 
-12.43742 
2.42080 
-27.06301 
4.98723 
-20.74803 
-17.28972 
0.50067 
3.94688 
-0.74694 
2.95066 
10.97038 
3.91337 
30.38014 
-8.35695 
36.43452 
13.41929 
15.15920 
19.93688 
-8.55229 
-13.31514 
19.78276 
3.18100 
6.51577 
12.26289 
-11.29020 
-9.09580 
-49.25909 
-7.14323 
-12.57123 
-20.80184 
38.74297 
17.29773 
12.07919 
3.75259 
4.30884 
-1914.24113 
-76.14103 
-18.02942 
-10523.32728 
32.04346 
0.19945 
-29.46428 
-2.12054 
4.93333 
-8.95260 
-4.16960 
-16.90747 
-6.15230 
8.18330 
8.03429 
3.54847 
-0.23658 
22.24333 
14.90792 
-11.53800 
-7.58954 
19.51723 
30.77230 
17.71286 
17.99935 
23.00380 
-2.67647 
5.91198 
3.33065 
25.82670 
-2.88810 
5.83656 
3.12461 
-476.49391 
-1306.68509 
-208.35361 
-8.61721 
4.34202 
-255.85952 
14.79335 
5.01481 
-12.68945 
26.60833 
2.03269 
-11.31282 
-53.37463 
-6.04354 
26.76612 
-21.49819 
9.15462 
10.69967 
-19.32925 
-10985.10464 
-8.00248 
6.33043 
-43.63069 
-22.91335 
-15.36568 
-18.64132 
0.79521 
-3.54244 
-5.54303 
-2.12155 
16.36818 
8.84303 
-22.38551 
-38.80310 
-1113.18115 
-485.66208 
-241.43470 
-9.53204 
-0.69870 
-1522.06272 
1.97496 
-3399.96860 
-30.03488 
-17.19348 
17.25289 
-23.63668 
25.19592 
-3.43446 
-23.82646 
0.12050 
12.65935 
-8.71639 
16.26849 
6.43538 
-2.24244 
-21.46510 
-3.22082 
5.31176 
-36.49128 
-9.78267 
-1.74471 
-13.65318 
0.65702 
-8.57956 
-42.54794 
-3.37488 
-2.02676 
7.48282 
29.74148 
27.72499 
-24.79489 
-11.39452 
1.87409 
-32.22364 
-1247.68715 
-548.56547 
23.46346 
-17.06020 
-13.98161 
-13.98418 
54.14589 
-15.00917 
-1.97945 
-474.61876 
-17.77391 
-23.06799 
14.40896 
-42.41223 
-8.45333 
21.11105 
-3.33189 
-10.64491 
10.09948 
-24.22218 
-8.36900 
-17.33198 
24.84892 
-5.23331 
-35.57479 
-3.43240 
-0.02710 
-59.30748 
-83.07935 
20.17900 
-7.46286 
22.33498 
2.44488 
-11.67737 
8.53471 
-6.43170 
19.37646 
-11.58022 
-19.63163 
10.90273 
-19.07408 
-10.37669 
6.66393 
14.38096 
-14.22457 
9.44000 
2.21041 
1.53698 
5.39307 
-19.99014 
10.59270 
-217.23782 
-1.05374 
4.20452 
10.62182 
-17.44505 
-101.78059 
-4.77519 
5.13250 
-21.86344 
-59.47258 
-13.34456 
-130.27844 
1.33921 
-19.15739 
-4.55220 
-1.68254 
-24.50410 
6.99535 
-40.73208 
5.32090 
6.41174 
-4762.93600 
-16.83245 
-7.34150 
20.68616 
1.78600 
-575.30948 
-5.54354 
-12131.43124 
14.95613 
-3.44337 
-28.89836 
-19.43866 
0.36947 
-7.53224 
14.53250 
7.35492 
-6.24703 
-17.23456 
-74.26618 
5.14683 
27.62921 
-7.33622 
-25.88142 
-1.07727 
2.12925 
-18.07965 
1.73619 
-435.68957 
-49.52216 
13.41833 
9.54012 
5.83091 
-2.29660 
22.26682 
2.40177 
15.30937 
-11.20603 
-3.45097 
-17.04035 
9.83195 
4.95449 
-25.62017 
-13.94734 
-29.53929 
-20.12498 
1.76811 
-114.91045 
-3.10425 
-26.70225 
1.34979 
-18.46853 
12.21359 
12.02628 
-15.36454 
-15.14335 
-3.52900 
4.77255 
-6.30219 
-958.15562 
18.95228 
-23.53443 
-1917.27526 
13.45177 
-1.20600 
-0.51851 
2.25626 
-7.66705 
4.74812 
-14.52409 
-1.24491 
20.57549 
9.15353 
-12.84081 
13.19678 
-24.45975 
7.39517 
16.48381 
-16.90857 
-28.35391 
34.88315 
-12.98476 
15.26257 
-15.10564 
-19.38732 
-60.53158 
-73.59522 
12.13095 
1.09034 
6.17315 
16.63808 
14.20928 
-3.16546 
-8.24703 
-9.34493 
0.11311 
26.93900 
-7.46143 
11.30663 
12.89110 
-2598.21103 
-58.59105 
-18.55108 
-9.22671 
-0.45402 
1.30795 
9.12063 
-1.81078 
0.82566 
11.50459 
-147.86083 
1.07275 
-7.88861 
20.35296 
-19.75897 
19.90750 
20.29429 
20.33856 
-2.67252 
-4552.91985 
-44.55222 
4.22247 
21.67059 
-7.04271 
-22.08866 
-9.05112 
-38.73095 
19.67570 
8.32123 
3.85542 
9.66280 
14.19541 
-56.96512 
4.82221 
-31.30127 
-1.85235 
18.57116 
-14.16197 
-19.97898 
11.22856 
-15.13342 
20.03241 
-99.57974 
11.71177 
-1.83841 
-35.24949 
-383.32228 
0.81856 
-1559.62514 
1.46557 
22.52315 
-61.54963 
4.75060 
-4.49060 
7.20144 
1.62770 
-33.13290 
14.29962 
-41.74385 
5.49264 
-11.94615 
-10.48224 
-3.86019 
-39.56132 
19.21830 
2.45647 
17.20798 
0.95846 
0.58046 
-0.38236 
16.58166 
-50.35193 
-17.08111 
-55.59276 
19.68817 
1.65834 
6.49494 
-9.65699 
-34.12752 
15.29704 
21.17054 
-17.20095 
6.87575 
-9.11311 
-18.82588 
14.24764 
-120.20246 
-3.71032 
-239.13947 
-11.55696 
4.82405 
-1.24535 
-9.67338 
1.52333 
8.54758 
32.44723 
-12.61743 
18.70814 
-96.20759 
5.79864 
15.02400 
-32.42721 
-859.29283 
-5.86417 
10.57150 
-14.49751 
1.69138 
-9.87569 
13.76324 
17.56138 
-25.92768 
9.25283 
-1.14669 
8.80463 
-35.40055 
7.14118 
7.70248 
-20.71560 
-26.29939 
17.26568 
-1.53216 
-4.49270 
-0.27843 
-24.50972 
-11.11084 
12.08786 
15.25448 
-27.89060 
27.73426 
-10.64938 
-17.16181 
-104.68329 
-6.09711 
-12.41056 
-21.19870 
-9.34712 
9.10636 
10.56896 
7.09053 
-20.10375 
8.63558 
-10.62636 
24.29806 
13.46974 
-161.14248 
-10.67191 
19.76388 
-20.75513 
-21.56140 
2.16968 
-4.66432 
1.00460 
-8.52193 
8.81997 
-1308.25482 
-11.07489 
-0.32217 
-21.37865 
0.99568 
18.34566 
-3.70077 
19.76687 
-11.39308 
12.55740 
32.99488 
-11.15567 
-823.45154 
-7.96502 
29.43288 
7.66365 
-1.08947 
-4.92855 
28.06147 
-3.06166 
-180.80977 
-5.28561 
-10.53920 
-5.19727 
8.47584 
-115.78466 
-10.17118 
18.84775 
-25.78941 
-23.20896 
-118.82996 
-9.98480 
-915.81007 
-11.87121 
3.38024 
-9.10947 
22.27156 
-20.17821 
11.01418 
12.47594 
17.68808 
9.18702 
-310.33719 
-5.95246 
-24.05830 
-6.00439 
-17.95184 
-31.98067 
-5.80841 
5.52271 
13.29897 
-3.34966 
-11.59067 
-9.08714 
-1874.76846 
-824.18827 
17.25974 
-10.14245 
-41.39281 
-31.81371 
-2271.77401 
4.98463 
9.84989 
3.63313 
-2131.31145 
-0.01294 
-405.00885 
-19.94747 
-3.21159 
8.33225 
-14.25627 
-16.14782 
-19.87928 
-15.73004 
-31.06223 
9.86763 
-6.32408 
-17.59452 
-15.77076 
-7.85393 
-8.44251 
-13.56464 
-92024.65182 
0.06802 
-17.43608 
-0.09771 
-4.50156 
0.05839 
-7.80740 
-10.22348 
-0.30968 
-17.76217 
-7.84903 
-1.52676 
-28.48629 
-3.90017 
-7.14549 
9.75516 
-22.89036 
0.68950 
-0.72027 
-4.46653 
-12.83713 
-6.46919 
16.68903 
-17.74279 
-16.42435 
-1.91391 
15.59949 
-12.71388 
8.75033 
-3.96568 
15.43861 
9.67403 
-3.67946 
-350.33022 
5.95003 
-9.58588 
11.61581 
-16.50741 
-0.19114 
-28.04970 
-14.17567 
13.82000 
-18.64207 
-13.05629 
-16.78704 
-24.92016 
13.05837 
10.81192 
25.93947 
-162.11067 
3.25988 
-171.53269 
-3.30027 
-17.24586 
-15.60200 
-5.86279 
-60.72035 
-2.82280 
-0.48563 
-204.63714 
4.18719 
-216.14616 
-2.74956 
0.97939 
15.91455 
9.14008 
1.21508 
-34.90258 
-13.18454 
-12.16677 
21.02595 
7.25450 
1.04601 
21.66356 
-518.01493 
7.10261 
-5.11982 
-559.79502 
-10.96673 
-19.32165 
-6.87392 
20.37812 
28.37946 
-14.33900 
6.90237 
-12306.05590 
-3.30783 
-0.25001 
7.82290 
-9.15731 
-0.00278 
-19.12441 
-144.29009 
-47.54874 
15.45139 
-79.30666 
7.70316 
-46.32013 
8.19302 
-138.92138 
1.62761 
7.53981 
15.92540 
-10.84472 
-10.09191 
0.81411 
-11.85512 
-71.19870 
12.49134 
-0.89426 
10.97625 
-26.48005 
1.13286 
-110.91355 
5.90163 
-21.24545 
-26.80647 
6.09924 
-16.80970 
-52.03200 
-1004.02177 
-0.93485 
-0.77630 
-14.20052 
2.38196 
4.64325 
-18.72113 
11.51996 
22.88157 
-1099.30537 
12.57046 
-15.43377 
-20.98463 
7.92042 
-33.73638 
-38.46150 
10.83065 
23.09031 
2.57481 
-15.99245 
-517.03176 
-5768.79258 
-11.41354 
-5.15079 
-18.24550 
-2551.53997 
-17.30025 
-21.51185 
9.47434 
-1.64547 
18.65175 
-6.05697 
7.65468 
8.31483 
-28.59536 
-174.67163 
-1.21063 
1.80684 
14.11041 
-19.72065 
-4.59576 
-17.41133 
-1.53262 
-20.96241 
-9.82849 
-963.27856 
4.79772 
-11.42988 
-63.45225 
-7.95891 
20.62864 
-15.36753 
4.97123 
9.00583 
-91.14795 
-53.47075 
-25.90916 
-29.15873 
-99.74140 
9.69257 
-212.45000 
-6.67914 
-3.94110 
-4.41806 
18.80677 
12.23616 
-3.87626 
-1.43394 
-304.02580 
-0.45603 
43.38654 
-7.35771 
11.52970 
43.65836 
-4.29905 
36.36869 
-516.24578 
-27.75710 
-244.63640 
-2.89135 
-14.21632 
-157.36904 
23.19605 
23.15184 
-0.41217 
-26.03581 
15.98404 
5.00862 
-16.05838 
-10.35990 
-23.40662 
-39.47557 
-2.78630 
-62.75243 
-11.27564 
10.95106 
9.76041 
-2.33454 
2.02060 
-5.20399 
17.68268 
-16.30107 
-12.93931 
-4.76072 
9.71959 
-57.55818 
-7.13621 
3.31856 
4.02009 
16.61456 
5.77388 
8.57831 
-25.36018 
9.24426 
12.38124 
19.89054 
0.25546 
-15.41351 
-19.83360 
-898.93697 
-5.63531 
-32.50828 
-3.99068 
-970.26356 
29.00215 
-2.46658 
-37.02942 
12.33483 
5.63783 
4.57747 
-18.89192 
-95.37975 
16.32401 
-5.88815 
20.72813 
-6.13909 
20.76377 
-5.40101 
2.52542 
2.04478 
7.70111 
-13.62697 
-22.72603 
3.24672 
-17.23041 
2.65864 
-3.00193 
5.17218 
-18.62511 
13.74933 
-38.25764 
29.53044 
-11.68801 
0.38940 
4.68740 
-4.63243 
-20.84733 
33.16586 
-3.36888 
29.86254 
-362.96303 
-8.54489 
-17.46314 
-14.85926 
-11.63929 
-394.87660 
5.09106 
19.93189 
-349.65714 
2.01584 
-946.38041 
26.69094 
34.23278 
-2.32791 
20.41893 
-0.87086 
-14.88569 
31.91508 
6.61435 
0.90988 
6.72291 
2.05380 
-3.89217 
-21.70272 
28.28454 
8.10293 
-12.43356 
-7.18527 
-41.55526 
3.30389 
-3.53787 
-6.02996 
6.37853 
11.76199 
-27.60173 
-3.91785 
-0.76589 
-15.07146 
-9.60672 
7.95483 
-2.99028 
11.18471 
-619.12879 
3.58121 
-0.43862 
-7.28082 
1.24668 
-17.33336 
5.99298 
26.31584 
10.03305 
-4241.29936 
15.56982 
-2.13540 
-3.17039 
-2.46030 
15.41284 
-2.12900 
-0.26664 
-6.73474 
-12.22524 
-425.18044 
1.86300 
-5.04733 
-189.63051 
12.53321 
-70.55751 
-14.17525 
23.41892 
2.36292 
21.91907 
-4.46855 
-14.88917 
-11.81743 
-482.82637 
13.44344 
-156.13176 
-367.58819 
-83.98727 
-507.78771 
-220.01079 
1.27224 
-44.21250 
-5.84153 
19.64085 
11.98468 
28.61493 
-16.17795 
-1.13485 
-5.22571 
14.23410 
32.83338 
-10.89441 
-15.99025 
-562.51622 
-6.55465 
-32.68655 
-89.00094 
-160.16304 
-23.12690 
-22.45260 
-4.47400 
1.19170 
-11.88041 
-10300.27100 
18.55805 
-7.65681 
9.65624 
19.00841 
-5.80659 
3.29225 
-1.06152 
11.89573 
-5.78888 
-46.69106 
10.03313 
-7.90904 
-5.61293 
-32.13113 
17.71872 
15.18632 
-16.12803 
8.62225 
15.19401 
5.08318 
1.03616 
5.70501 
-109.85463 
9.67434 
9.66186 
-15.14189 
-8.54804 
-0.84728 
-1.70887 
30.97473 
-8.71361 
-7.43132 
-20.24524 
-34.50883 
1.28879 
-20.36645 
42.87324 
-953.94209 
-46.90930 
-190.48008 
-136.25397 
-5.09862 
5.09617 
-2138.78599 
-12.87683 
-208.34348 
0.75915 
10.72905 
-4.34466 
-20.63175 
-10.42633 
13.11366 
0.97564 
21.54541 
-2.79081 
17.23621 
18.14976 
9.91781 
-10.09778 
6.13594 
-5.05971 
11.35359 
0.08557 
-9.25390 
4.11748 
23.23754 
12.33748 
-14.44036 
18.29926 
-13.16809 
2.64879 
-12.12138 
29.93487 
23.86400 
-585.58937 
22.51182 
-26.56061 
-10.22056 
-34.41462 
-30.36273 
-10.89056 
11.52732 
-15.10584 
-17.42699 
-34.40582 
25.95354 
-2.16279 
-3.74676 
-18.30350 
-2777.60251 
-152.03170 
-5.30156 
7.66177 
-4.82254 
-3517.82525 
-11.77922 
-17.37346 
-1705.98030 
-24.68614 
2.55671 
7.56325 
14.64189 
16.76169 
6.00295 
-0.63176 
-10.16776 
13.38820 
-112.47600 
5.40834 
-4.41515 
20.13998 
24.38931 
9.04542 
-7.20182 
15.09451 
-16.64888 
27.11859 
-13.11353 
-58.43509 
-7.39649 
-5.91922 
-35.16513 
-38.76002 
25.48572 
9.77114 
-5.69865 
11.53398 
10.92659 
-39.18744 
-11.95656 
-27.95261 
-5.44164 
4.36316 
15.07784 
-19.39970 
-8.51113 
-1.04516 
-6.25352 
-12.40021 
11.26188 
-3.43394 
5.36839 
23.21934 
-24.61432 
-16.75427 
-126.65512 
-3.63186 
-10.02141 
7.38091 
-4.61900 
25.71124 
-18.68639 
-10.29430 
12.68257 
23.12522 
-831.94045 
-39.13573 
-26.62455 
31.76731 
-304.86405 
32.29921 
7.66955 
-3.93354 
-1086.54941 
-27.91120 
-296.76699 
-8.47304 
-236.46511 
-8.92810 
-271.02605 
-4.65455 
-6.31283 
-2140.33717 
-8.87090 
-31.86900 
18.73199 
-2.97867 
-17.03896 
-2.27892 
0.12365 
7.16601 
5.74248 
-37.35742 
-92.03315 
-8.34889 
21.56226 
2.32024 
6.48759 
-13.41743 
-10.35261 
8.77779 
-373.10401 
10.36987 
-20.03129 
-16.40253 
-274.52459 
-170.75746 
-12.06789 
-5.91692 
7.98496 
-35.39925 
-8.13520 
-5.37029 
-9.17012 
-24.05165 
-1648.31839 
-20.61392 
-3.09452 
18.70212 
-3.56600 
-78.67799 
12.97593 
34.04291 
-211.38758 
-21.25687 
-176.15289 
-25.28915 
-1685.11069 
9.72807 
6.72979 
-3.90633 
-8.07119 
29.14183 
26.28571 
-16.22203 
-180.18321 
-14.35566 
-9.29309 
-20.08289 
-0.05156 
3.82189 
-3.08620 
-18.28322 
-12.52869 
-2.27650 
-255.16524 
17.52774 
-41.36998 
5.66236 
-309.01211 
-359.10284 
1.09422 
-14.31972 
8.50584 
27.90413 
-12.69610 
-8.96551 
-141.98657 
4.91841 
12.89538 
0.88551 
4.20336 
22.81902 
1.50703 
-2.67929 
-6.54245 
-32.34415 
14.83884 
-25.32432 
-18.24882 
-235.17120 
-29.34329 
-157.06726 
-11.93789 
-11.50394 
-2.34205 
6.25552 
39.11817 
6.57893 
7.66732 
30.03339 
5.55573 
2.18959 
7.30822 
9.85389 
17.92415 
32.60024 
-139.44487 
-13.05853 
26.18448 
20.27509 
-9.37160 
-1.59460 
11.89338 
-0.41486 
-2.90048 
10.05442 
-1823.82669 
-561.53380 
0.43376 
4.71635 
-331.05276 
-19.62645 
12.58841 
-12.59277 
6.68908 
-23.87730 
-4.95701 
4.19463 
-871.86762 
14.12124 
7.70457 
21.30678 
-3.14043 
10.49969 
-205.64628 
-13.50414 
16.84225 
1.06918 
-4276.80604 
-23.89095 
-179.50522 
4.43868 
-30.21233 
-126.07786 
-33.52629 
15.30993 
-5.87243 
-13.88885 
-13.68333 
-28.89967 
16.91803 
-8.60218 
-34.65907 
5.76419 
24.77968 
-9347.34325 
0.84021 
-14.62636 
10.96034 
-23.66295 
-2.32924 
-50.12667 
4.17725 
0.87778 
-19.40103 
-8.26560 
5.40033 
-15.96558 
-1.02627 
19.28773 
-3.23256 
-210.24910 
-23.99035 
-8.44143 
15.17058 
0.84279 
18.75428 
-5913.01484 
-1227.32365 
1.30909 
6.57206 
-207.55731 
-1.15683 
10.41940 
-1741.98783 
-23.06755 
-2698.37862 
-119.72320 
-101.43545 
-1.44719 
-158.15809 
-13.29469 
-9.12220 
-7.58447 
-27.29593 
20.09073 
-8.61406 
-10.61395 
2.18984 
-6.27263 
-14.66585 
-24.44578 
-1.99731 
-14.40220 
6.85107 
20.44074 
11.71439 
19.55024 
10.20422 
-278.16074 
-4.14544 
-11.66870 
18.77693 
0.14295 
34.94473 
-1302.16710 
-1.81382 
-12.83078 
6.84897 
-9.68838 
23.46686 
-16.97571 
12.95707 
26.92493 
-16.08629 
-1.93356 
-4.71613 
-109.40718 
-1.80214 
1.04719 
-213.28376 
4.48929 
-18.85173 
-14.09662 
2.62085 
19.93369 
6.71330 
-12.20587 
-47.20979 
-9.90405 
-13.78915 
-31.42728 
-66.67122 
-12.67552 
13.21243 
-2.04889 
-24.37231 
-20.43201 
6.69930 
8.23802 
-2.61855 
4.39217 
2.41834 
-8.33585 
-26.24424 
-16.56186 
32.33585 
-16.59040 
-12.82640 
-14.26406 
7.72331 
6.45977 
10.19374 
12.75763 
9.71131 
-48.67188 
-5.43087 
-2.30479 
-16.65285 
-57.59975 
-19.74784 
-30.14183 
-3.94544 
-10.94347 
-14.04669 
-0.71745 
5.77434 
-5.24610 
-39.97785 
-8.57352 
-1.97398 
4.89579 
10.19287 
-26.98435 
-32.88602 
-11.52308 
-8.81095 
-1525.24867 
19.81500 
4.07097 
-2.32480 
-10.94638 
-20.08255 
-16.96481 
-118.52210 
-7.96967 
2.93663 
30.57744 
37.88622 
28.03606 
-6.93941 
-47.82139 
-9.96096 
-9.10504 
-16.41600 
7.59480 
11.27499 
10.13685 
-11.99516 
-6.36198 
-53.67666 
3.26470 
-243.01766 
-0.39685 
-21.75164 
-22.47654 
-1.44508 
-5.31665 
7.39483 
-6.19131 
-31.46195 
-7.99010 
-7.85314 
8.63425 
-4.35501 
-111.96035 
-61.29466 
-11.84135 
2.76354 
-34.42742 
-9.24965 
-12.50419 
5.82816 
-4.81325 
8.09272 
22.08256 
4.75200 
-4.49742 
15.84598 
-186.80951 
-14.76796 
-525.47230 
22.86541 
-28.78520 
-1793.29781 
-1026.15634 
-37.14158 
25.94542 
9.16831 
13.77558 
-13.85566 
8.04633 
-8.67183 
-9.34032 
8.02575 
-143.43783 
11.60038 
0.60709 
-7.41516 
-10.38200 
-78.40917 
7.25177 
20.97166 
-107.53743 
-11.03646 
-23.25185 
26.22996 
-29.80837 
-0.79528 
5.29478 
-25.13723 
-13.78437 
-3.92475 
-0.45969 
21.33716 
-14.00893 
-17.55948 
-812.73365 
-0.62326 
2.00675 
20.24862 
-32.32965 
-0.95408 
12.28543 
6.66096 
16.16132 
18.18005 
23.00077 
23.98118 
-20.64234 
-36.05609 
-18.34988 
15.87534 
-6.55369 
-29.81528 
0.08941 
-11.63949 
12.15293 
0.00237 
-40.05564 
-114.95119 
-23.23784 
-322.69969 
-18.41057 
-19.73328 
-12.64634 
-13.00206 
-753.59386 
-13.00338 
-1.90965 
-217.78293 
-58.84266 
-2.32540 
-8.78788 
6.64152 
8.45962 
-1316.17462 
-16.53665 
7.71268 
-21.39049 
31.34545 
-640.63429 
43.27626 
-32.99935 
-3.93987 
-13.32855 
8.51942 
8.45823 
1.70858 
-263.10712 
19.20223 
17.28080 
17.92068 
-14.67624 
3.90653 
12.88726 
7.33623 
-1.63446 
-1.46850 
22.14338 
31.96234 
-5.08757 
10.45636 
-10.31484 
-741.54965 
-124.44240 
1.35643 
-17.63364 
0.95987 
-0.62716 
-67.99790 
-10.71735 
13.54215 
-50.46838 
-146.95856 
38.83736 
-7.22559 
5.55538 
0.70898 
-17.81324 
7.40967 
-28.97033 
-317.77233 
-14146.14507 
-4.93528 
22.24848 
19.22780 
18.60670 
18.10092 
5.93965 
7.72783 
-6.77844 
28.25391 
4.90741 
1.22367 
-39.76469 
11.26880 
-96.40150 
-10.08154 
7.93513 
13.73918 
-12.43875 
-3.68406 
-4.40301 
0.91376 
-15.13898 
-16.28064 
-13.47255 
8.43144 
24.28117 
-4116.56120 
-6.84944 
3.15601 
1.54321 
-261.44873 
-4.59065 
16.77492 
-8.03044 
-114.63244 
-17.45159 
-75.17949 
-20.25230 
14.55883 
-7.34408 
-3.34379 
17.70555 
-98.55566 
-4.99615 
-65.61505 
-13.92735 
-14.45917 
-19.40806 
-4.65661 
-140.54830 
-595.62332 
4.52382 
19.33921 
21.13478 
-17.61764 
-17.53596 
-8.58047 
-2896.78791 
-18.14279 
3.57653 
6.63299 
4.16853 
-987.26295 
-364.58412 
22.49587 
11.53153 
-29.10756 
-416.71446 
-27.13550 
-183.65811 
-2.11682 
-503.42400 
22.74077 
-17.19537 
-11.18144 
-6.45927 
-11.34808 
-14.63476 
-1.75802 
