-0.16255 
0.34016 
-0.16966 
-0.24845 
0.26600 
1.08618 
1.24808 
-0.65145 
-0.07055 
-0.09189 
-2.44492 
0.45563 
-0.76117 
-0.19429 
0.71418 
-0.93860 
-0.83961 
0.12828 
-0.52114 
-1.25598 
-0.92956 
-0.12074 
0.68398 
0.06523 
-1.85853 
-2.96384 
-0.07091 
0.16620 
-0.39694 
-1.72540 
-2.43477 
-0.54835 
1.05463 
-0.66740 
-0.62603 
-0.82955 
0.81480 
-0.23300 
-1.10922 
2.28049 
-0.52065 
0.39567 
0.05861 
-2.11355 
-0.57290 
-0.63411 
-1.42130 
-0.90893 
1.59456 
-0.10001 
-0.35019 
-2.20948 
0.78417 
1.60667 
0.97471 
-0.97562 
1.02655 
0.30156 
1.64745 
0.47254 
-0.00093 
1.46740 
0.17096 
-0.25725 
0.59338 
0.75149 
-0.46371 
1.04006 
-0.09424 
0.85851 
-0.34145 
0.54607 
0.17072 
-0.32258 
-0.02868 
-0.80361 
1.17594 
-0.12110 
0.97470 
0.54000 
-0.84506 
-0.35257 
-0.46810 
0.76298 
1.00623 
-1.86069 
-0.12413 
0.36424 
0.03111 
-2.76600 
2.30874 
0.23489 
-1.70389 
-1.25222 
1.50446 
-0.61960 
0.74491 
0.77219 
-1.13177 
0.14638 
-0.47435 
-1.10741 
1.30872 
2.07059 
-0.44696 
-0.92293 
-0.30099 
-0.19404 
0.72340 
-1.39266 
-0.06367 
0.76156 
-0.92112 
-0.58605 
-0.84311 
0.38428 
-0.75344 
-0.01511 
-0.95315 
-1.29121 
-1.15060 
-0.20195 
1.90174 
-1.16508 
-2.32481 
1.17484 
-0.49474 
-0.51086 
-0.96894 
0.61831 
0.94940 
-0.34847 
1.13516 
0.01184 
-0.34975 
-0.62625 
-0.46348 
-1.43960 
-0.62822 
-0.32364 
-0.47745 
1.56491 
-0.02482 
0.50649 
2.55129 
1.39792 
0.62670 
0.77986 
-0.48514 
0.35854 
-0.09816 
1.44812 
-0.25714 
0.51400 
-0.31612 
-0.37532 
0.13220 
1.33142 
-0.77552 
1.25047 
-1.58382 
0.03577 
-0.00037 
0.70980 
-1.59348 
0.66196 
0.92528 
0.57289 
-0.76892 
-2.29282 
-0.93129 
-0.59685 
0.25528 
0.04363 
0.26110 
-0.10844 
-0.25093 
-0.19575 
-0.87847 
-1.23464 
-1.35788 
0.71805 
-0.38101 
1.87059 
-2.14044 
0.17177 
0.54297 
0.20944 
0.68224 
0.06924 
1.01268 
2.25838 
0.64137 
0.69037 
0.36529 
-0.41341 
-1.10987 
-0.79149 
0.05544 
1.98087 
0.81537 
-0.24490 
0.12473 
-0.06863 
1.67095 
0.67379 
-0.08744 
1.75761 
-0.75439 
0.51957 
0.77697 
0.51868 
-0.75068 
-0.81206 
-0.70914 
0.87287 
0.01847 
-0.70247 
0.75923 
1.09135 
-0.54148 
-1.28485 
0.32354 
1.54731 
-0.12616 
1.65558 
0.40760 
0.07008 
-0.85192 
0.74437 
0.68508 
0.42137 
1.42728 
1.44295 
-1.02701 
0.04335 
0.65230 
1.10794 
-1.33399 
-0.46260 
0.79401 
-0.66899 
1.24548 
-0.30320 
-2.02782 
-0.43752 
1.11784 
0.50796 
-0.00273 
0.54300 
1.23201 
0.16327 
2.01598 
2.18536 
-0.26053 
-0.12276 
-1.20342 
-0.14703 
-1.56862 
-0.20009 
0.33169 
1.60815 
0.47691 
-0.54369 
-0.15264 
0.06720 
-1.58865 
-1.57759 
0.16551 
0.03018 
-0.76656 
0.73073 
1.42990 
-0.58015 
-0.55851 
0.06329 
-0.17751 
0.03826 
-0.47887 
-0.60019 
-0.87742 
2.37645 
-1.75667 
1.64246 
-0.08006 
-1.10648 
-0.43066 
0.07948 
1.53801 
0.30419 
-0.92875 
0.10740 
1.99425 
-1.00913 
0.47282 
1.38426 
0.90026 
0.79878 
0.11643 
0.46777 
-0.46513 
-1.43167 
-0.16540 
0.88134 
-0.66795 
1.16215 
0.34584 
-0.52437 
0.22108 
-0.00186 
-0.40589 
0.59553 
0.93672 
0.00690 
0.28725 
-0.41504 
1.93723 
-0.57670 
0.08631 
2.09164 
1.64775 
-1.02954 
0.02004 
-0.05624 
-0.45940 
-1.37964 
0.12658 
1.56170 
1.67658 
0.48809 
1.52360 
-0.13634 
2.91670 
0.51984 
-0.37673 
-1.37645 
-0.43641 
0.46700 
0.17369 
0.36988 
-0.54639 
-1.26801 
1.29384 
0.34250 
1.29436 
-1.91053 
0.53999 
-1.09798 
1.22428 
-2.23899 
-0.07767 
-0.84418 
-0.16994 
-0.88023 
1.22261 
-0.57396 
-0.43441 
0.03668 
-0.69978 
-0.31786 
0.24711 
0.00860 
-0.10023 
0.72163 
-0.44517 
-0.33527 
0.47909 
-0.85250 
0.33645 
-0.61125 
-1.41281 
-0.38460 
-1.28539 
0.18165 
0.33344 
-0.24469 
0.30266 
0.12049 
1.27989 
-0.56123 
-1.02381 
0.66574 
0.16503 
0.16360 
-0.05994 
-0.50202 
0.25091 
-2.38821 
-1.57754 
-0.64550 
2.80524 
-0.60238 
0.35200 
-0.07717 
-0.39946 
0.55587 
0.17462 
0.65735 
1.17645 
0.66502 
-0.74622 
-0.31752 
0.36719 
-1.24610 
-0.91542 
0.66442 
-0.04529 
0.65396 
0.93806 
-0.61725 
-0.23508 
-0.10856 
-0.91558 
-0.44529 
0.14566 
0.15408 
0.80583 
-0.27904 
-0.22830 
-0.40760 
1.90669 
2.15500 
1.69550 
-0.16015 
0.31108 
1.75144 
-0.87780 
0.00367 
1.23189 
0.01839 
-1.13314 
0.27590 
1.26078 
-0.11409 
-0.28260 
-1.40629 
-0.97628 
0.74224 
1.15314 
-2.94488 
-1.18507 
0.61605 
1.31806 
1.06223 
-0.80590 
0.05284 
0.20171 
-0.87184 
0.99840 
-0.63614 
-0.17061 
-0.35905 
1.38379 
1.35496 
-2.23640 
1.89713 
1.74275 
0.57176 
-0.27210 
-2.32424 
-0.29656 
2.43001 
-0.23218 
0.29704 
0.34494 
1.08371 
-0.68920 
0.47556 
-0.37489 
0.06509 
0.15924 
0.18150 
0.48275 
0.03014 
-0.56896 
-1.41231 
1.13277 
-0.73661 
-1.12128 
-0.41864 
-0.12341 
0.28859 
-0.31561 
-0.58726 
-1.53506 
-0.31162 
0.13445 
0.13673 
0.04362 
-0.77113 
-0.02797 
0.20130 
1.06603 
0.13967 
2.13707 
1.93309 
0.97945 
-0.66416 
0.33324 
-0.17840 
0.24293 
1.06325 
0.65555 
-2.03958 
-0.54523 
1.10313 
-0.54994 
1.17134 
-1.33726 
-0.38226 
0.68982 
0.79280 
-0.24790 
-0.79160 
-0.40614 
-0.73270 
-0.31837 
0.43410 
0.13115 
-0.22431 
-0.25690 
-1.57786 
1.50816 
-0.21807 
-0.89972 
0.30587 
0.28021 
1.24088 
-0.04369 
0.65823 
0.88421 
0.09237 
-0.42379 
0.51980 
-0.11046 
-0.07788 
-1.37519 
0.01796 
-0.64948 
0.19621 
-0.93258 
0.38840 
-1.40528 
-1.28140 
0.35498 
1.71331 
-0.19549 
-1.04425 
0.87136 
1.21116 
1.59413 
-0.46904 
0.21779 
-0.42284 
1.46974 
-1.14141 
1.61704 
0.28757 
-0.03904 
-0.49039 
0.12702 
0.00137 
0.55530 
-1.42577 
0.53720 
-0.00939 
2.53953 
-0.22423 
0.93467 
-0.59532 
0.49897 
1.94935 
0.04283 
2.85632 
0.56343 
1.26139 
-0.35587 
-1.39628 
0.04510 
-0.00785 
0.96232 
-1.14875 
0.23726 
-0.06551 
-1.51176 
-1.12319 
0.24711 
-0.50571 
-1.33971 
0.56021 
-0.22684 
1.29840 
0.90359 
-2.01094 
0.05641 
-0.46372 
0.80268 
0.78536 
-0.98199 
-0.99128 
0.19001 
0.69830 
-0.26581 
-0.91303 
0.45698 
-0.17244 
0.69725 
-0.89553 
0.55645 
-1.22880 
0.24691 
-0.01469 
1.59428 
-0.40660 
1.33636 
-1.31328 
0.51009 
-0.01452 
0.83484 
-1.16443 
0.67124 
-0.84477 
-0.87081 
0.86366 
-2.20134 
0.08400 
1.11618 
-2.38778 
0.28971 
0.48977 
0.16412 
-1.01220 
-0.35814 
-0.69824 
-0.90676 
0.39364 
0.49719 
0.55107 
1.39665 
0.29548 
1.33612 
-0.06998 
-1.04495 
-0.45015 
-1.47338 
-0.43541 
0.25166 
-0.15892 
-0.85649 
1.00868 
-1.56613 
-1.62300 
0.86670 
0.08453 
-1.04344 
0.09648 
0.17343 
-0.96652 
0.41904 
-0.01634 
1.06679 
0.70752 
0.41716 
-0.34219 
0.06753 
-2.47616 
1.43112 
-0.48055 
-0.73103 
-0.70556 
-0.98851 
-0.55240 
-0.75741 
-0.36739 
0.03528 
-1.76397 
0.06707 
-1.18806 
-1.07104 
-0.63898 
-0.36119 
-0.31407 
-0.28022 
-0.13531 
-2.64934 
-1.52429 
-0.74381 
-0.97486 
0.59959 
-1.57123 
-0.18880 
1.39574 
-0.44262 
-0.23533 
0.49069 
0.15514 
-0.76876 
1.51261 
0.24412 
-0.47025 
-0.42690 
0.64140 
1.25506 
-1.14794 
0.22156 
-0.23079 
0.57462 
-1.66831 
-0.35089 
0.02183 
1.37621 
1.85257 
-0.37455 
2.20429 
-0.00561 
-0.07810 
-1.64290 
-0.45182 
1.05431 
-0.81509 
-0.13642 
-1.55965 
-0.47502 
1.25077 
0.10992 
-0.26077 
0.76677 
-1.40378 
-1.30625 
0.24595 
0.22565 
0.81759 
-1.07794 
-1.04454 
0.81357 
0.94756 
-1.65262 
0.71975 
-1.52141 
-0.73242 
1.25782 
-0.54431 
-1.39410 
-1.37315 
-0.29234 
-0.76899 
-0.43322 
0.85541 
-0.84208 
-0.18308 
0.18095 
1.59500 
-0.29545 
1.70928 
0.51763 
-0.05766 
-0.71407 
0.06382 
-0.13150 
0.16167 
0.53044 
0.83996 
0.19972 
1.54218 
-0.95033 
0.85407 
1.36828 
-2.17768 
0.85850 
0.96056 
0.41929 
0.04589 
-0.92292 
-0.35497 
-0.34522 
0.63292 
1.18752 
0.73298 
1.07967 
-1.52249 
0.48420 
-0.86670 
0.37302 
-0.60981 
-0.31638 
-0.29420 
-0.96219 
1.22529 
-0.22746 
-0.84356 
0.02742 
0.91221 
-0.34760 
0.57682 
-0.62549 
-0.60720 
-1.72835 
-0.55731 
0.55900 
0.23831 
-0.49737 
0.88127 
-0.50989 
-0.48785 
-1.36671 
0.49617 
-1.18374 
0.40254 
-0.33276 
1.64713 
-1.09191 
-0.51422 
0.33283 
0.78077 
0.44521 
0.62209 
-0.61749 
0.70032 
0.25055 
-2.27769 
0.55239 
-0.61215 
-0.57831 
-0.51206 
0.51290 
-0.45066 
0.50452 
1.31765 
-0.73228 
-0.94895 
-1.54091 
2.03907 
-0.80013 
0.95693 
0.40125 
0.55751 
-0.76565 
-0.48802 
0.66637 
1.66749 
0.75616 
1.28227 
-0.20913 
0.87214 
-1.65053 
0.10573 
0.13153 
0.79211 
-0.08712 
1.62361 
0.46631 
2.05437 
-0.19871 
-0.48664 
-0.88045 
0.35728 
0.28523 
-0.67601 
0.47541 
-0.41141 
0.96771 
-1.94232 
0.90730 
-0.24771 
0.37028 
-0.35777 
1.39496 
0.59355 
0.87909 
-0.67302 
-1.43253 
-0.17995 
0.48080 
2.25431 
2.03412 
0.90441 
0.47086 
1.22036 
1.28541 
-2.43867 
0.39867 
-1.09691 
-1.13553 
2.29282 
-0.47505 
-2.00238 
0.15593 
-0.65096 
0.18266 
-0.20071 
0.16034 
-1.32275 
-1.36861 
-0.01308 
-0.12319 
0.88108 
-0.37098 
-1.01215 
-0.42810 
0.99167 
-0.97958 
-3.81116 
-0.24068 
-0.60311 
-0.05230 
1.01475 
-0.76657 
-0.08646 
1.12905 
0.00578 
-0.03614 
-1.02572 
0.62574 
0.52498 
-1.08018 
0.60284 
-0.00139 
-1.42696 
-0.91172 
-1.18192 
1.04381 
0.35706 
0.10467 
-0.55772 
-0.20921 
-0.53313 
-0.15096 
0.02366 
0.16907 
0.01938 
-0.37542 
-0.23518 
-0.58438 
0.34228 
1.83834 
0.11483 
-0.30009 
-0.84047 
-0.04217 
-0.20234 
-0.29598 
0.84510 
0.89287 
0.22218 
0.17453 
-0.26414 
-1.27782 
0.56262 
-1.12260 
0.41397 
1.64533 
-1.09800 
-1.80784 
-0.09768 
0.08798 
0.56797 
-0.90998 
1.49195 
-1.15061 
-0.54959 
-1.81883 
-0.01316 
1.72434 
0.08688 
0.25003 
0.31309 
-0.77788 
-0.73802 
1.37470 
1.45249 
-1.40589 
-0.05741 
0.02571 
-1.39262 
-0.09662 
1.91324 
-0.01127 
1.03346 
1.94129 
0.00595 
1.27786 
-0.90677 
-1.04816 
0.49918 
-0.64852 
-0.66459 
-2.98478 
0.68417 
0.43774 
-0.68323 
0.54945 
-0.94236 
1.30832 
-1.77347 
1.34226 
-0.30889 
1.53627 
0.74207 
1.28494 
-0.12506 
1.58866 
-1.37778 
0.20130 
0.22612 
-0.39952 
-1.13251 
-0.79065 
0.57569 
-1.57583 
0.57344 
-0.43758 
-1.03860 
0.11310 
0.23722 
1.50035 
0.82679 
-1.36685 
-1.36711 
0.13281 
-0.88230 
-1.50747 
2.08273 
0.82795 
0.04064 
0.88072 
0.46447 
-0.13902 
-0.65972 
-0.21721 
0.66379 
2.10498 
-0.76308 
-0.56483 
0.95839 
-1.04645 
0.23591 
0.98730 
0.15489 
-0.38174 
0.08978 
1.08869 
-2.04480 
-2.72491 
-0.55903 
0.24413 
-0.88316 
2.34532 
-0.80573 
-1.06112 
-0.39232 
0.61135 
0.43249 
-0.72213 
-0.45223 
1.16575 
0.24965 
1.70098 
0.41085 
0.06051 
1.02545 
-0.03884 
-0.95303 
-1.26520 
-1.03936 
0.40620 
1.13652 
2.07227 
0.09896 
-0.94512 
1.42484 
-1.04172 
1.01781 
-0.42074 
0.19889 
0.97755 
-1.64677 
-1.55995 
0.06593 
-0.01344 
-1.64024 
0.73573 
-1.84862 
0.46198 
1.01830 
0.89256 
0.15125 
-0.52969 
1.32843 
-0.37872 
1.82149 
-0.60011 
0.35322 
0.75115 
-0.46557 
0.27478 
-0.39844 
0.86922 
1.92210 
-0.56936 
1.75971 
0.01773 
0.57103 
1.64905 
1.02713 
0.80075 
0.47192 
0.62510 
-0.50140 
-0.86064 
1.06006 
-0.22333 
0.46363 
1.36001 
-0.13115 
1.44116 
1.26905 
0.42776 
-0.53006 
0.36965 
0.85622 
-0.66272 
-0.41919 
-0.37041 
-1.29021 
-0.39580 
0.51369 
-1.58076 
0.29009 
0.00910 
0.46421 
1.23321 
0.21359 
1.13758 
1.28372 
-0.68526 
0.86439 
-0.88327 
-0.79038 
0.57384 
-0.58270 
2.05606 
0.36147 
-0.76508 
0.38707 
2.07413 
-0.77778 
-0.13299 
-0.20515 
-0.97952 
0.17704 
0.31936 
0.00961 
1.56124 
-0.74829 
-0.72269 
0.07869 
-1.02641 
0.82897 
-0.14931 
0.07041 
-0.06946 
0.01957 
-0.00554 
-0.40445 
1.10472 
0.05240 
-0.71631 
-1.27517 
1.16813 
0.50717 
0.07343 
-1.50919 
-0.71343 
-1.11075 
-0.63449 
0.73214 
-1.27582 
1.20821 
0.97694 
-0.23776 
0.64329 
1.84720 
-0.97487 
-1.26424 
0.15838 
-0.41603 
-1.98844 
-0.90399 
0.78458 
-1.96175 
-0.90436 
2.06574 
0.25840 
0.52532 
0.35330 
-0.82322 
-0.75729 
0.70590 
0.09527 
-0.50071 
0.69104 
-0.16833 
0.60300 
0.50345 
1.17994 
-1.19337 
0.96335 
0.94971 
-0.56579 
-0.93013 
0.18311 
0.33933 
-0.77990 
-1.45000 
0.35115 
-1.10197 
-0.39101 
0.13566 
1.11048 
-0.10750 
0.21986 
-0.44046 
0.21121 
-2.07617 
-0.98762 
-0.42186 
0.40817 
-0.42100 
0.99382 
-1.09545 
-0.26061 
0.31086 
2.50087 
-0.04757 
-0.40979 
-1.33134 
1.12059 
-0.33108 
0.74865 
-0.11988 
-0.69877 
-0.07020 
-1.99891 
-0.97365 
0.19985 
1.68194 
0.08946 
-1.63603 
0.34340 
0.96842 
-0.39740 
0.78702 
-0.85385 
-1.42069 
-0.71533 
1.89662 
-0.34591 
-1.75358 
1.83791 
1.51592 
-2.04627 
-1.85112 
1.17641 
1.44574 
0.21151 
-0.48123 
0.98995 
0.70385 
0.34863 
-0.43333 
0.54017 
0.37035 
0.99510 
0.30843 
-0.27984 
1.93763 
0.65707 
0.63044 
-1.61127 
1.65838 
1.31137 
0.23352 
-0.07180 
0.29227 
-1.01546 
2.79685 
0.71446 
-0.48606 
0.63113 
-0.97570 
-0.40983 
-0.65666 
-0.87504 
-0.24176 
-0.37718 
1.32864 
0.71036 
1.25611 
0.33225 
1.20285 
-0.62860 
-0.38668 
-0.68293 
-0.99492 
-0.75572 
-0.33480 
-0.47733 
0.65330 
-1.70262 
0.01980 
0.32047 
-1.15491 
0.38451 
-0.26770 
-0.07707 
-0.73675 
-0.84708 
0.44974 
0.82527 
0.02034 
0.35531 
1.26291 
-0.51431 
-2.20582 
-1.39962 
1.70716 
1.64290 
0.98001 
0.63609 
2.29388 
1.11662 
1.69803 
-1.12798 
-0.40896 
-1.07981 
-0.14865 
0.22507 
-0.88174 
-0.36718 
0.59375 
-0.50883 
-0.02806 
0.29259 
-0.72318 
-0.33073 
0.18050 
0.22495 
-1.35908 
-0.37220 
0.15537 
0.25203 
-0.88347 
-0.49821 
0.83103 
0.01554 
-0.65207 
0.37184 
0.43336 
0.88425 
0.21890 
-2.06729 
-1.22260 
-0.83212 
-1.28986 
1.36009 
0.63877 
-0.50490 
-0.78901 
-0.69470 
-1.20259 
0.31884 
0.28574 
0.50017 
-0.74558 
-0.63350 
-2.49566 
-1.76755 
0.01681 
-0.94635 
0.48528 
2.44089 
1.04042 
-0.20950 
2.22875 
0.24463 
0.49190 
-0.49322 
0.78298 
-0.40585 
0.56067 
-0.18453 
0.75154 
0.40798 
-1.69164 
0.36659 
0.42825 
-1.00968 
0.59164 
0.23981 
-0.20764 
-0.11884 
-0.67028 
-0.69509 
0.40883 
1.44448 
0.22996 
-0.56796 
-1.51587 
1.28495 
-1.24845 
0.30676 
-1.42983 
0.03378 
-0.54480 
0.63254 
-0.82819 
-0.02836 
1.20205 
0.72214 
1.13309 
0.12571 
0.41565 
1.18222 
-0.64705 
-0.45794 
-1.06761 
0.91304 
-0.45072 
-0.70086 
-1.35167 
-1.00967 
-1.75789 
-0.50269 
0.03031 
0.18819 
0.23882 
-0.13717 
-0.53889 
0.19401 
0.26826 
0.82704 
2.03277 
-1.50178 
-0.28545 
-0.82403 
1.79839 
0.50133 
0.03530 
-0.65884 
-2.23413 
-0.59634 
-1.93187 
0.25197 
-1.83602 
0.32765 
-1.89700 
-0.26797 
-1.25058 
2.29670 
-0.53629 
1.18486 
-1.01998 
0.30612 
1.10438 
-0.92494 
0.09587 
-0.42875 
-0.33401 
0.04254 
1.53116 
0.94236 
-0.25802 
0.97336 
-0.71383 
0.33940 
-0.31720 
0.08651 
-1.96846 
-0.68629 
0.36663 
1.24910 
1.76492 
-1.79321 
1.03007 
1.17794 
-0.72741 
-0.78459 
0.61108 
0.90670 
-0.49690 
-0.68173 
2.21910 
-1.37473 
-0.38856 
-0.58620 
0.17170 
1.51703 
0.72137 
-0.45941 
-1.82293 
-1.28008 
-1.82132 
1.27658 
2.22427 
-0.63338 
-0.83543 
-0.98945 
0.82693 
-0.40995 
-0.39628 
-0.90627 
-1.81032 
-0.04842 
-0.00374 
-1.28419 
-0.78801 
-0.67590 
-1.00909 
-0.03240 
0.10602 
-0.16570 
1.74494 
0.24942 
1.38913 
0.52117 
-1.93177 
1.83003 
0.60545 
-0.07110 
0.93586 
0.51862 
0.69485 
0.70049 
-1.77598 
0.40204 
0.32242 
-0.39232 
-0.79867 
0.37036 
-0.09982 
0.97054 
-0.41536 
-0.28059 
1.14740 
-1.43322 
-0.53343 
1.74283 
1.38915 
1.66862 
-0.08270 
0.01722 
-0.18044 
-0.06404 
0.81749 
0.21720 
-0.09472 
-0.28476 
1.03533 
-0.01802 
0.36406 
-0.19039 
-0.59527 
-0.96129 
1.63796 
-0.38440 
-0.02792 
0.91243 
1.15075 
-0.13774 
0.69976 
-1.06584 
0.96138 
0.11802 
-2.37541 
-2.06777 
-0.09860 
0.03676 
-1.93662 
0.67361 
0.68064 
0.60808 
-1.17872 
0.87663 
0.26791 
0.29281 
2.05020 
-0.69241 
0.39034 
0.11510 
0.32561 
0.91103 
-1.83307 
-1.03367 
-0.34756 
0.98460 
-2.62793 
0.83706 
1.63614 
-0.23071 
1.27374 
1.61488 
1.44415 
0.58226 
0.35640 
-0.22485 
-1.05586 
1.31683 
-0.97286 
-0.25474 
-0.61541 
-1.19567 
-0.45770 
-2.88708 
0.83748 
-0.26474 
0.16328 
-0.92079 
0.81682 
-1.46638 
-0.08329 
0.92556 
0.45967 
0.39992 
-0.02120 
-1.00976 
0.67023 
0.51173 
0.69010 
-1.84821 
0.18329 
0.08288 
0.37283 
-0.60214 
-0.35432 
2.60544 
2.13335 
0.54233 
0.09973 
1.72239 
1.29337 
0.74917 
-2.36645 
-0.16138 
2.36273 
1.60846 
1.54925 
-0.82304 
1.64769 
-1.01757 
-1.27305 
0.88798 
1.38594 
1.03188 
-1.02639 
-0.88231 
-0.02162 
-0.12060 
1.05331 
-0.64217 
-0.91809 
-0.04647 
0.38336 
-0.11402 
-1.02037 
0.24336 
-0.26989 
1.77009 
0.64755 
-1.07147 
-0.08431 
-0.54833 
0.26064 
-2.27979 
-1.45431 
-0.02510 
0.67334 
-1.14470 
-0.46341 
0.58224 
0.53821 
0.07078 
-1.17597 
-0.19591 
0.57138 
1.61778 
-0.30192 
0.14299 
-1.84743 
-0.00163 
0.80361 
-1.31614 
0.01148 
-0.14235 
0.45309 
-1.43962 
1.40152 
0.72245 
-0.35049 
-1.44148 
-1.65662 
0.10793 
0.03604 
0.90057 
-0.81149 
0.14362 
-0.99110 
0.49031 
-0.64776 
0.50186 
-0.51294 
-0.72129 
0.02749 
-0.28423 
-1.00844 
-0.30968 
0.61264 
0.93974 
0.39433 
-0.59211 
-0.15539 
1.03575 
-1.27876 
1.46075 
-0.32173 
-1.31595 
-0.41263 
-1.64533 
0.21519 
-1.40857 
0.61798 
-0.52109 
-1.32780 
0.84121 
0.74130 
0.19353 
-1.56258 
-0.32760 
0.78111 
-0.43030 
-0.63322 
-1.08376 
-0.01684 
-0.51608 
-1.24169 
2.19510 
0.45307 
-0.82926 
-0.16341 
0.11096 
0.99945 
0.28104 
-1.76055 
-1.00643 
-1.23186 
-0.41249 
-0.27569 
-0.54001 
-0.37298 
-1.50506 
-0.96478 
0.19256 
-1.06305 
-0.07681 
-1.31067 
-0.53993 
1.20886 
-1.10413 
1.41260 
-0.30279 
-1.89447 
-0.19771 
-1.46596 
1.13275 
-0.22901 
-0.39702 
0.88311 
-0.86405 
-0.33016 
0.21346 
0.29610 
0.67749 
-1.05621 
-1.69465 
-1.49524 
0.91110 
0.32531 
-0.78499 
1.05580 
0.89053 
0.64904 
-0.90834 
0.72319 
0.27210 
-0.06714 
0.49200 
-0.16793 
1.66034 
0.70471 
1.92596 
-0.64161 
1.17196 
2.24827 
2.08907 
-1.56878 
-0.65291 
-0.40707 
-0.89272 
-0.24656 
-0.42500 
0.28569 
0.53666 
-0.81397 
-1.76935 
0.03904 
1.31436 
-0.38696 
-0.26819 
1.44005 
-1.09293 
-0.91091 
-1.70280 
-1.44761 
-0.47460 
0.39545 
1.03078 
-0.98570 
-0.47884 
0.18549 
0.38290 
-0.83986 
-0.46721 
0.55456 
-0.34477 
0.45168 
2.02688 
-0.65590 
0.64893 
0.90380 
0.35252 
0.23530 
0.39347 
0.73208 
0.29838 
0.07434 
0.01417 
0.76336 
0.96564 
-1.53359 
1.15371 
-0.14245 
0.89783 
-0.50416 
-1.46431 
-0.40487 
0.14546 
-1.32838 
-0.95835 
-1.73336 
-0.16089 
1.81321 
0.67857 
-0.69346 
-0.89805 
0.42644 
-2.13489 
0.25490 
-0.50765 
-1.86340 
-1.58655 
0.41255 
0.22638 
0.49195 
-1.06988 
2.15974 
-0.12586 
0.30265 
0.91473 
-0.16386 
1.95547 
0.23528 
-1.18070 
1.25163 
1.24258 
-0.63473 
0.82448 
0.81884 
1.74620 
0.65637 
0.86091 
0.75223 
-1.07777 
-0.16815 
-1.01450 
0.21071 
-0.09316 
1.36428 
-0.93696 
-0.28042 
-1.04225 
-1.15750 
0.23389 
-2.13208 
1.61940 
-0.56871 
0.16946 
0.78363 
0.03500 
-1.62848 
0.05373 
-0.34834 
1.44076 
1.62224 
0.69435 
0.29297 
0.39749 
1.16964 
-0.40564 
0.34260 
-0.81180 
1.80934 
-3.03522 
-0.33924 
-0.19314 
-0.31267 
0.59917 
0.30430 
0.01675 
0.92227 
-0.14547 
-0.45432 
-0.11411 
-0.54835 
-1.57927 
0.39871 
1.56278 
0.18832 
-1.14193 
-0.29708 
-1.15709 
-1.22048 
1.24006 
-0.98464 
0.19911 
-0.58572 
-0.66582 
-0.13581 
0.90354 
-2.61674 
-0.48210 
0.34430 
-0.36907 
1.75231 
0.33634 
-1.11114 
-0.21405 
-1.73707 
-0.44075 
1.43004 
0.48183 
0.56959 
-1.21452 
-0.43108 
-0.79724 
1.55879 
0.04035 
1.33297 
0.02738 
-0.09455 
1.12575 
-0.00527 
1.67669 
-2.06902 
0.59044 
-0.85329 
-0.01515 
1.29449 
0.08686 
0.92074 
-2.51226 
0.10131 
0.37397 
0.81060 
-0.37451 
-2.21174 
-1.96770 
-0.25798 
-0.92042 
-1.30700 
1.89389 
-0.76904 
-1.78737 
0.28944 
1.91655 
0.49180 
-0.85551 
-1.01255 
0.96736 
-1.26952 
0.65471 
1.08100 
