13.06187 
-48.79830 
17.10615 
-0.53032 
-31.11645 
-31.24431 
-13.40057 
-20.62026 
-45.92524 
3.93462 
15.84263 
12.61660 
-12.50535 
-9.01441 
9.05759 
17.53168 
14.56472 
14.50683 
0.00452 
-27.81805 
-9.55586 
-12.70774 
-41.57256 
-8.25236 
33.67575 
5.36389 
17.54643 
14.52863 
19.15580 
0.05268 
-31.07572 
-16.31214 
48.71971 
-18.13638 
28.60858 
2.71617 
-41.66699 
14.85003 
2.26141 
25.96929 
-18.16021 
10.57170 
48.54689 
-15.17568 
37.98168 
-3.06850 
-19.21287 
21.49260 
22.82364 
5.58406 
-18.59300 
20.20711 
-26.24174 
-11.04512 
-4.92236 
5.00708 
14.17554 
-25.80678 
5.43832 
48.71007 
-7.14829 
19.06636 
20.04093 
7.78077 
-5.61328 
-24.65911 
13.80729 
-0.13036 
-1.39317 
7.25738 
-1.11816 
11.36847 
44.97599 
33.79295 
-28.18010 
0.33017 
38.09881 
15.06150 
8.32524 
25.50962 
-8.96258 
-51.86721 
-3.86532 
-58.07365 
26.36065 
13.44037 
-6.45882 
-30.19216 
2.83188 
-59.96941 
-4.33437 
-29.31641 
-12.32127 
10.37215 
4.91676 
-3.18368 
-24.75826 
32.78076 
-10.02225 
-11.60030 
-19.02466 
30.24725 
-24.48682 
-24.90440 
-10.68479 
-42.52879 
19.41100 
27.77824 
24.27162 
-34.21266 
-17.05189 
-6.65711 
25.14620 
-16.66669 
20.93952 
-20.42604 
-14.15089 
18.06853 
9.60183 
-10.27408 
-16.66583 
1.28934 
-24.44967 
-9.60224 
42.15503 
20.32017 
-10.83495 
18.57836 
-12.27983 
-42.11495 
28.33572 
35.06482 
12.78017 
-16.88382 
-5.18835 
26.24852 
-10.59186 
-13.54631 
31.03978 
25.77306 
0.73627 
11.17574 
11.01242 
12.28240 
-8.72616 
19.40926 
-27.51478 
12.25902 
29.60011 
17.67432 
24.16800 
6.38141 
2.24267 
-30.26200 
27.12970 
12.13540 
7.28984 
12.43513 
-8.65192 
-21.65926 
-9.16205 
25.69403 
-8.53252 
41.15630 
-51.30484 
-7.38671 
9.98752 
-27.96960 
4.39317 
-35.07579 
10.46663 
-19.07939 
-1.22541 
-42.37901 
-45.47697 
-27.38206 
-35.89582 
-8.77845 
-2.77406 
20.01968 
37.84368 
26.00758 
11.02438 
-9.06564 
45.76433 
-31.29384 
-36.30522 
9.02405 
-29.92061 
22.96835 
12.95052 
0.92653 
-36.32200 
-10.87468 
-2.50257 
4.51262 
-31.48603 
-18.47209 
-33.08853 
-34.55600 
17.59691 
-42.15677 
-10.78491 
-11.93797 
-40.98226 
6.93879 
70.59994 
-40.72516 
2.64329 
15.41621 
9.57851 
8.11088 
45.45345 
-15.58206 
-9.47262 
6.07909 
7.62592 
-15.39591 
-43.01069 
-29.03513 
-31.39165 
22.07197 
-20.01438 
22.37679 
26.96956 
26.36228 
6.89643 
15.65732 
1.73015 
-21.52304 
-13.16267 
-1.68570 
37.63532 
9.33184 
13.56651 
6.50203 
-17.24110 
-8.20290 
8.86839 
-0.43157 
-8.18797 
28.34586 
7.83829 
32.51243 
4.10491 
5.09541 
10.52500 
18.71437 
-7.39672 
-31.72847 
-8.28352 
19.37869 
-12.50485 
-11.00246 
35.87994 
-14.61104 
8.90633 
4.95447 
-29.28357 
51.70005 
-3.89527 
5.68938 
0.71038 
1.87604 
-5.42457 
5.43935 
-11.08637 
18.65715 
37.62832 
-8.52746 
-9.26143 
-31.44614 
32.79283 
-18.60785 
-20.81055 
11.65748 
40.98406 
2.85863 
32.20950 
0.43396 
30.47098 
34.77457 
17.52286 
25.21476 
-53.19070 
-17.17401 
27.55107 
29.99516 
18.07972 
-17.91104 
-1.07262 
10.33596 
33.56007 
7.65606 
18.09777 
49.93820 
-26.95631 
-7.19968 
2.09322 
-22.40798 
14.34179 
-23.14496 
42.85928 
37.42837 
-17.18155 
6.91907 
35.77875 
-18.39454 
31.06137 
-16.50657 
-27.77523 
4.09526 
20.27401 
0.40810 
3.47507 
32.34599 
-33.03180 
-3.33739 
-17.30101 
-19.41223 
-1.45183 
-19.53206 
-27.56460 
-19.14677 
12.44862 
46.81103 
41.91354 
31.34765 
39.70694 
-43.39202 
-3.99135 
-45.21005 
-5.07320 
38.32254 
7.93334 
-2.52713 
-6.82063 
3.07380 
-27.03603 
-24.13448 
-19.13633 
-9.92797 
-20.46310 
-2.79220 
-19.43098 
8.59784 
50.22183 
-27.56872 
35.13698 
-50.01592 
-17.14600 
27.60065 
11.44398 
-3.64030 
2.54930 
-4.27179 
13.97757 
-16.18159 
-5.10387 
-52.85276 
6.88125 
34.63861 
-35.23195 
11.98478 
36.94868 
9.17825 
-5.45290 
-30.37219 
37.08110 
19.14678 
-21.49234 
28.03560 
-27.80982 
-27.57681 
-12.24590 
16.42610 
-2.99568 
5.36467 
-16.32108 
42.47644 
-41.28974 
18.32666 
7.65093 
-14.86736 
-5.79277 
-8.20689 
5.04483 
-2.87152 
-18.19324 
16.52793 
40.27872 
-25.85795 
16.61795 
11.93092 
-22.25732 
-27.56790 
14.07352 
9.23066 
-12.59102 
-15.56014 
4.29128 
14.41370 
18.74711 
20.27099 
0.03421 
14.60356 
-19.64092 
2.38687 
18.36534 
-7.57079 
47.22137 
0.59302 
-44.83557 
-34.46114 
-55.06341 
-41.59801 
-2.23700 
-3.75598 
-3.41856 
-5.65345 
-57.72583 
34.74584 
4.01386 
-12.67864 
-10.06494 
25.06006 
14.61530 
-1.39056 
-12.49399 
-4.02290 
1.37455 
-23.36728 
-11.54545 
12.50267 
0.78274 
41.19885 
-18.04930 
-22.09765 
16.69775 
23.52162 
46.42952 
19.26943 
19.19491 
11.54516 
12.60147 
-3.54519 
-37.82697 
8.85582 
-23.18690 
7.89903 
31.56354 
-32.55130 
-46.93519 
-20.86124 
13.38982 
11.65973 
-20.13812 
1.95729 
-0.95147 
-30.36995 
-4.53314 
-13.66192 
14.86922 
11.87481 
20.67540 
32.86800 
21.16339 
27.41460 
-14.96291 
37.15688 
36.95736 
-22.60471 
11.13392 
36.93933 
7.10348 
40.97235 
-55.90338 
-7.89300 
26.28630 
-25.90082 
11.85672 
-7.20142 
8.56032 
11.06139 
38.02889 
4.37684 
25.38030 
6.22189 
-2.48031 
12.51499 
-31.27241 
-21.90504 
-33.36786 
21.28407 
13.37296 
-35.13701 
-10.92011 
-62.49955 
3.13641 
-25.03267 
-46.53723 
15.65432 
-24.16988 
-13.43087 
-29.98362 
-10.62047 
-6.20931 
44.70299 
11.36709 
-9.88258 
-16.03516 
-4.37536 
34.10311 
33.42723 
26.68956 
-11.35290 
-12.56236 
29.98456 
42.17638 
-7.11951 
28.52217 
14.95826 
1.75244 
-21.35617 
-38.85222 
-1.33619 
-9.17121 
-30.50393 
-36.76097 
1.41602 
-9.88431 
-14.56318 
6.19891 
2.15822 
-7.50899 
-13.53251 
49.05335 
-8.86615 
-7.81077 
-7.23153 
64.05327 
-15.59990 
4.89997 
38.70682 
31.31825 
31.41416 
-5.33221 
-3.01542 
15.29572 
22.68824 
-32.72016 
8.28560 
-24.35998 
30.85187 
35.94522 
27.28198 
-22.17403 
37.47253 
9.11584 
-11.03708 
29.87250 
12.65932 
-15.96427 
-19.69702 
-3.01898 
-14.68453 
14.01096 
0.16635 
-8.53273 
-8.38813 
4.69382 
37.39611 
9.99148 
-1.13905 
-9.23605 
3.48063 
24.10644 
64.48247 
23.53781 
17.47342 
1.97754 
-17.83866 
-14.63916 
-31.12014 
3.68088 
-26.71731 
-1.38489 
-2.48808 
-35.36763 
-2.47839 
39.30840 
59.44933 
-14.91811 
25.41499 
33.76744 
-9.71989 
5.19261 
-36.77851 
-15.63826 
-49.83519 
22.05293 
-1.65863 
-24.06678 
-39.84253 
40.08868 
-22.94273 
-58.38577 
-24.33610 
-9.88900 
-0.95398 
-5.75153 
21.97296 
16.01434 
-0.89538 
12.08170 
6.05252 
0.04060 
16.33725 
-27.58110 
-20.69232 
-6.42123 
-3.28384 
14.13854 
25.91428 
14.61506 
-9.73298 
37.31011 
9.01552 
11.68925 
-17.37238 
-13.12679 
32.55310 
29.37167 
1.02597 
-3.24962 
2.87883 
-30.02880 
0.26630 
31.88825 
-21.58306 
8.21165 
-1.84254 
-7.44669 
1.65597 
30.26670 
-29.57493 
-35.47186 
-19.40561 
-16.25878 
-20.87731 
-19.67408 
24.21454 
7.32074 
25.85158 
-31.38202 
4.85145 
-25.25950 
-25.21941 
-18.77437 
-0.08726 
-9.81074 
11.63641 
-1.50318 
20.82974 
-5.10037 
-23.61013 
14.50598 
-29.01781 
-32.38605 
-3.58842 
-11.77277 
21.86354 
30.19213 
16.86639 
-24.02314 
-25.52933 
-0.49101 
7.47048 
28.15721 
52.91987 
13.01377 
-6.01576 
11.51197 
12.37816 
5.52248 
-2.59853 
3.24038 
34.32065 
1.87971 
-32.61980 
14.23762 
-4.92439 
9.37187 
-9.34145 
-26.44447 
-6.11770 
13.74128 
-5.05699 
21.83907 
20.76287 
-1.12884 
-21.84590 
39.20412 
-16.82311 
-2.17982 
38.03379 
3.32006 
8.05520 
-11.80198 
-0.68245 
15.19513 
-49.62214 
-19.27671 
12.34454 
-10.95307 
18.85277 
-1.37919 
-7.28743 
-14.04836 
-15.65155 
-22.20683 
-9.79095 
29.25496 
-2.46230 
-16.42605 
6.37961 
-15.37415 
3.06392 
10.76207 
3.52836 
24.63743 
12.45584 
-0.64939 
14.63992 
-19.02703 
50.58081 
3.34197 
-14.17254 
6.86312 
18.15951 
0.47995 
-8.14978 
20.08642 
51.13148 
17.92485 
-20.14990 
10.11959 
-9.12108 
-20.23929 
-7.90199 
31.95494 
23.39082 
-19.98365 
12.83157 
15.48304 
-27.48175 
-5.13265 
-12.85108 
15.39986 
-28.61042 
9.70836 
14.12217 
-1.95471 
-9.08011 
3.95180 
13.01489 
25.02514 
0.35252 
40.12109 
-47.70606 
9.59429 
6.13725 
3.03829 
29.85151 
43.08052 
-9.38710 
-25.20034 
1.58279 
-20.57756 
4.77191 
21.24534 
6.79756 
-32.88056 
55.02743 
2.27883 
29.26712 
-3.28305 
7.68193 
-23.75791 
15.59750 
-30.47538 
43.18974 
3.50001 
-12.70504 
-1.91930 
9.52197 
13.95471 
-13.84149 
-18.49409 
-52.69266 
21.78068 
6.15614 
12.43299 
25.67109 
-15.03817 
11.83117 
14.59578 
-11.30362 
39.88491 
3.77273 
6.51753 
-6.22934 
35.31880 
38.74209 
2.07804 
-4.01784 
65.31015 
32.76872 
14.47090 
-34.22885 
31.24005 
-12.66622 
3.28323 
29.98080 
34.04091 
-36.79058 
-13.98047 
21.52582 
-11.94480 
-9.10170 
39.22704 
-12.50773 
-17.53582 
-4.58898 
1.13913 
18.76953 
28.72514 
4.08700 
-2.70943 
26.55077 
-17.78348 
20.41803 
-18.95516 
-11.38982 
-1.63277 
24.70311 
-25.09385 
-31.53683 
19.75614 
7.12384 
-16.96837 
4.41396 
8.55258 
49.18719 
79.31293 
-39.40007 
47.34995 
30.68556 
11.42587 
40.96217 
20.65468 
15.24283 
-7.50554 
-11.80675 
-29.32231 
-3.18021 
3.84933 
-10.24458 
9.85145 
3.44758 
5.12838 
11.38176 
8.42739 
-12.39553 
8.51271 
46.64255 
20.91534 
25.27635 
10.00681 
-40.02709 
26.88679 
3.94618 
49.48659 
6.96417 
-3.31153 
-36.76656 
-3.20136 
-0.87625 
31.12390 
-19.83008 
44.23940 
2.72476 
-6.15975 
27.92542 
12.55985 
-6.66895 
-53.98541 
14.69322 
42.62480 
-27.40805 
12.64491 
47.55160 
-26.79691 
15.42574 
-35.96896 
33.05077 
-23.42098 
0.15630 
25.34186 
-14.84342 
-2.68999 
-9.36636 
11.88132 
19.86112 
-44.41820 
-17.25481 
-11.95452 
23.32236 
-8.87126 
-54.64970 
-18.58607 
19.15808 
-4.32570 
-17.67773 
-2.79548 
38.03067 
-6.98354 
-15.51599 
6.05431 
5.66693 
-1.04373 
-26.76137 
-10.86604 
38.99343 
9.45174 
27.15882 
13.98148 
-5.79212 
-14.78834 
25.00553 
-15.77020 
6.34303 
-22.07692 
7.37954 
-3.86937 
11.95730 
-13.78674 
27.05541 
35.53951 
12.23450 
-5.72110 
-59.93771 
15.80612 
42.35097 
-44.70357 
-3.39409 
4.53188 
11.31170 
26.53401 
3.70113 
6.63629 
9.32758 
-4.69859 
-8.58774 
57.81658 
-14.20884 
18.68590 
-11.88218 
-7.52740 
14.14315 
5.48531 
-11.74152 
6.12262 
-18.98301 
55.71308 
9.50698 
-25.67054 
68.64505 
-6.30601 
-0.22465 
7.37469 
7.10475 
-16.91584 
-5.73029 
3.27340 
-11.77399 
-8.76011 
20.12962 
1.06927 
-23.20072 
14.53754 
23.98223 
-25.57865 
-36.14378 
-29.94851 
45.45704 
-9.00257 
-19.67690 
7.03566 
-18.53428 
10.02703 
0.11483 
-15.99360 
4.87081 
-1.80482 
-3.90203 
-10.61743 
-44.82125 
5.07482 
32.12223 
35.37379 
42.60658 
25.11443 
-59.86125 
51.28321 
-4.74822 
-20.56086 
17.33557 
24.61406 
-12.08504 
-32.71034 
-11.97033 
-4.95424 
-38.72525 
18.39142 
-15.50477 
5.42938 
-56.45820 
-26.51540 
6.79843 
32.22008 
19.35518 
-10.62955 
-16.69490 
-56.43283 
-39.15272 
-15.92143 
24.53860 
21.79051 
27.70024 
-25.87109 
-37.21514 
24.28271 
-3.92832 
-26.15442 
-22.66196 
16.19677 
42.61711 
16.80600 
27.60883 
0.54599 
6.10178 
43.21540 
5.93295 
-21.60963 
9.24255 
2.47782 
35.03005 
17.02127 
12.89245 
-10.07124 
29.98240 
20.83940 
18.29659 
15.56431 
-11.29907 
10.59737 
6.16410 
15.45905 
-15.05988 
-8.74240 
-50.01703 
36.88128 
-29.02241 
-5.25533 
35.99718 
15.95238 
36.04103 
-19.52079 
7.89524 
46.24067 
-18.31949 
8.57958 
3.47146 
17.30597 
20.78580 
-52.66239 
24.50807 
13.26455 
17.30925 
6.94672 
-10.19112 
20.77791 
3.52083 
38.82717 
15.39695 
-31.53475 
5.75668 
8.06165 
12.43984 
2.34115 
-26.05440 
-17.57218 
16.13992 
-2.82893 
-4.76709 
-37.35055 
37.52945 
-11.59937 
-10.44582 
-14.61483 
37.04107 
23.76192 
-17.12774 
-2.85255 
49.65963 
-10.49189 
43.04687 
-1.08920 
6.54264 
16.21662 
4.39207 
-24.03536 
-10.37224 
23.46662 
-15.29635 
26.16709 
-35.04288 
-22.22077 
-45.71092 
-28.34139 
-7.70719 
10.17319 
-3.74566 
4.20166 
28.12081 
7.87525 
-33.08650 
-44.07322 
-42.70669 
-42.64860 
21.52046 
-10.79385 
9.07485 
-42.12742 
-24.55361 
-11.13441 
-35.09632 
-6.03588 
-11.88400 
16.88647 
-7.27898 
5.35957 
6.41295 
-15.35331 
-29.91211 
-9.78910 
21.47515 
35.13450 
19.46147 
-10.04693 
-23.00073 
-6.92314 
38.36360 
-2.63574 
-37.40413 
45.96242 
-16.04523 
-2.41360 
23.68641 
31.87970 
-14.13481 
-6.78141 
3.78893 
1.03351 
-21.91822 
7.99007 
-5.90335 
39.80029 
5.01500 
15.22832 
-25.40152 
-5.65950 
8.66299 
-7.46017 
33.15151 
-35.80227 
-41.10739 
12.89929 
7.80413 
-28.19139 
-3.19733 
-0.81511 
8.94515 
24.00687 
-28.27337 
-8.80341 
-10.34261 
-56.60225 
-34.50789 
-22.53087 
15.91909 
-17.63990 
16.77932 
-17.46988 
-11.27434 
-2.05963 
-2.64209 
13.42204 
15.83154 
-1.59596 
8.53987 
32.27636 
-22.76252 
-52.43051 
-8.86938 
-40.10129 
-42.57614 
3.54753 
-7.91996 
-8.06162 
45.32197 
-1.10274 
4.83006 
-1.92068 
31.31400 
-0.52261 
0.71890 
23.56255 
4.80513 
1.39773 
-10.56793 
5.32969 
-29.13360 
32.56668 
-12.32352 
-17.66361 
13.35580 
21.16165 
5.71717 
-10.56001 
-0.62728 
12.86178 
-4.54248 
-25.98456 
-21.77314 
23.39337 
19.09184 
30.47422 
49.88848 
-5.77823 
-12.48867 
-10.52411 
-42.37131 
-20.44784 
-6.51616 
34.41456 
3.21080 
-10.81400 
-16.58382 
4.86158 
9.18706 
-11.23661 
-30.79447 
-7.80854 
-7.19233 
14.45199 
19.07188 
5.82225 
-3.17341 
-12.82028 
-4.77948 
-12.29040 
-9.57430 
-68.21697 
43.00015 
30.54337 
28.16081 
-10.11964 
32.97598 
-16.64531 
27.08005 
1.72269 
-49.26642 
41.91314 
-36.69318 
16.28098 
-9.95062 
10.57395 
20.00913 
-4.18968 
-12.73177 
26.36788 
-41.49884 
-20.93016 
0.82075 
15.35632 
14.05803 
-18.28294 
-24.04711 
14.93416 
-1.68264 
3.31065 
-5.39183 
8.50057 
0.77332 
29.88620 
-7.68560 
-27.20789 
18.68915 
24.51439 
4.74671 
-5.23204 
22.52802 
-15.01418 
25.72192 
-19.26288 
22.50250 
23.70777 
14.74267 
-15.63347 
19.80543 
21.80587 
6.55607 
27.21144 
-49.34488 
63.50534 
8.32166 
-6.92888 
-10.06858 
17.16685 
19.74021 
16.98062 
21.75685 
-48.82950 
4.78393 
5.42673 
-9.78706 
-45.67379 
-38.08126 
-22.18928 
-4.65200 
-34.97358 
-37.30071 
-21.24094 
-4.84735 
23.77470 
8.23385 
-5.82270 
26.25286 
15.85635 
-9.46348 
19.67870 
31.85448 
-3.97420 
-0.47511 
19.03153 
34.03021 
-0.19879 
7.54162 
12.94290 
14.48027 
21.35252 
-0.24473 
40.26747 
20.02555 
52.04167 
-26.29153 
39.14586 
62.50079 
15.62480 
-20.07564 
11.84191 
-32.15088 
-0.35341 
11.59157 
-50.24791 
18.69056 
-33.79631 
-2.04246 
-31.89851 
-17.31039 
-26.97099 
26.56109 
-14.27320 
18.20426 
-12.08129 
-14.82656 
-22.94484 
-45.91662 
1.03491 
24.72535 
30.25914 
-19.67949 
44.10954 
-32.62768 
-18.49591 
0.32046 
16.89181 
-25.88975 
5.97323 
15.76941 
-0.42151 
-23.09910 
15.09005 
0.45638 
-21.92787 
15.20209 
-3.54101 
10.83752 
25.94111 
-27.45095 
8.65620 
-5.92415 
1.19245 
-12.06097 
-12.48201 
-2.14490 
-32.25109 
3.70292 
-25.74341 
-43.03623 
24.67313 
4.00466 
29.10829 
-10.38345 
13.95553 
32.98101 
-12.89375 
34.08788 
37.40381 
3.30542 
10.17024 
-2.62115 
-13.53275 
20.08838 
22.92933 
29.26902 
-26.79662 
11.46036 
-17.15813 
14.35006 
30.12971 
-29.30660 
21.01334 
-14.73904 
-1.51149 
62.04214 
-22.02768 
-25.74153 
10.65185 
13.52645 
59.56808 
5.83971 
22.68914 
-3.74976 
11.45975 
-24.32021 
-9.21387 
16.30168 
8.73175 
26.63200 
10.44045 
7.40205 
-4.40033 
-21.06891 
9.66795 
33.00577 
9.17094 
-40.24612 
3.36738 
-29.12984 
-8.30815 
-16.72782 
-12.22382 
-17.57752 
2.31520 
28.72499 
-57.01231 
11.56177 
-64.90239 
-0.53708 
-5.63365 
16.44642 
-25.95194 
15.82418 
-10.97828 
-4.43063 
10.10092 
30.15808 
14.06552 
15.05641 
29.02661 
2.10653 
46.56989 
-6.27848 
-14.38905 
16.59135 
-8.81448 
-2.89896 
-14.98739 
3.21368 
-4.86831 
35.81287 
-5.49464 
37.70861 
15.68214 
-16.83233 
-15.69083 
30.98802 
-28.48626 
-51.49079 
39.21959 
-11.86676 
-5.11565 
-31.73016 
5.87793 
16.10752 
13.10981 
-28.22702 
-50.87117 
-45.66034 
1.24328 
9.84864 
64.65394 
-5.77365 
-41.69979 
0.81477 
-21.78111 
-45.02199 
58.19929 
21.70313 
24.00158 
2.78909 
26.24997 
-13.05729 
36.06526 
36.01663 
14.75896 
-17.59412 
7.56732 
10.55905 
5.69932 
-3.62485 
14.62125 
12.47382 
-19.47971 
-51.55130 
20.51601 
-0.58296 
8.30432 
-0.23083 
-1.97727 
20.38755 
-8.62174 
-9.05338 
-4.29460 
3.99650 
0.20225 
69.73770 
9.86102 
-0.84866 
14.96141 
22.84675 
4.97815 
37.41692 
-49.10277 
7.54996 
31.02580 
12.20504 
-7.88846 
-28.65885 
-36.27537 
24.06291 
-18.09998 
13.12843 
-3.86411 
2.94146 
5.60497 
-6.19274 
-22.34840 
-33.29646 
-12.09748 
2.02829 
41.11015 
-25.19468 
-24.06651 
14.21572 
-9.24692 
11.34682 
2.84672 
7.68883 
1.09862 
-16.54182 
-24.21896 
29.10222 
10.63156 
-23.95003 
23.12583 
44.36557 
16.37091 
28.67306 
2.94370 
-12.04948 
12.37847 
15.42393 
2.43899 
16.65559 
22.07335 
44.73561 
14.20013 
31.22032 
-10.76505 
-12.18523 
-9.84779 
-8.22569 
-9.65315 
-10.61975 
9.03800 
-14.54457 
-21.39483 
15.04135 
-28.74464 
5.02869 
43.55812 
-20.28500 
58.14542 
-2.57929 
-0.14425 
-0.10821 
-3.59630 
-25.83176 
7.71260 
-7.69030 
-38.68118 
14.39203 
5.87454 
68.09630 
-24.73375 
10.83305 
-32.09679 
15.59795 
3.23271 
11.10440 
-1.08924 
-17.94149 
-13.44347 
-25.00650 
-11.56273 
10.59971 
-6.89555 
-25.05714 
-1.17882 
20.35403 
-11.06867 
4.19629 
-16.80061 
16.45032 
12.01910 
7.28501 
-11.14371 
27.52730 
-58.41948 
13.50354 
-13.70076 
6.54434 
-13.32728 
-0.45795 
7.54310 
-14.88953 
-36.91337 
-7.30572 
-14.54633 
-20.66025 
14.15690 
8.89060 
18.01277 
8.96904 
-19.99110 
-5.47981 
-6.71454 
31.36696 
5.34213 
1.79237 
-2.87894 
30.21996 
14.86119 
-21.43839 
-39.23083 
4.18685 
34.11952 
10.52989 
-1.29747 
5.32630 
28.69950 
16.82887 
26.05077 
5.04858 
-39.18485 
14.81918 
7.70325 
-1.67473 
15.04477 
-23.70664 
22.60940 
3.53449 
-6.29948 
-10.84535 
38.78348 
25.95981 
10.12142 
-32.88388 
8.60451 
-31.99692 
-5.97502 
-26.12463 
-0.87541 
7.40477 
-9.87878 
-11.89153 
21.92423 
24.06701 
15.47345 
-46.90049 
0.68210 
30.54576 
-20.76504 
36.01175 
15.15125 
-27.17755 
1.46974 
-24.35035 
-13.09900 
4.97954 
19.27699 
-0.42801 
-4.67131 
-36.14887 
19.76279 
5.74596 
-5.81466 
-14.98009 
-15.45542 
8.14917 
17.39083 
-2.53531 
20.46362 
25.99974 
13.77130 
7.96227 
43.83390 
5.21538 
-1.70806 
7.25466 
3.68117 
-43.10484 
11.21722 
-13.91666 
-1.02736 
-23.21890 
-9.77669 
20.85835 
30.79564 
-2.18488 
-11.20724 
-23.83443 
23.45212 
-19.06513 
6.14980 
1.05222 
17.01162 
-21.76905 
-4.48383 
11.04609 
53.90654 
-24.39313 
5.35573 
-24.14003 
-3.71238 
7.29257 
-19.83965 
14.54364 
15.35463 
-7.14308 
-46.34820 
-25.61407 
6.42236 
13.50205 
29.42194 
21.13382 
38.06369 
4.99831 
17.64341 
2.81025 
-34.00413 
-8.27248 
-50.40087 
4.66738 
22.75401 
-39.10127 
-3.18013 
-15.38840 
29.26298 
16.53721 
8.95888 
19.43927 
-10.72365 
-23.24328 
6.68879 
-17.45932 
18.48691 
-49.82087 
25.97659 
-39.55987 
12.27844 
-11.10064 
6.11579 
-17.99370 
20.90574 
-29.61240 
-25.35294 
4.08027 
-0.91016 
8.97285 
6.88549 
8.56762 
27.96972 
8.84455 
22.14729 
50.43240 
-62.53319 
6.06621 
1.12293 
-26.98892 
20.31240 
-21.95746 
-13.24685 
12.55410 
-39.76491 
-8.70276 
-6.78100 
0.86136 
4.13080 
10.69083 
2.71924 
-11.73426 
37.94884 
-39.79159 
3.85726 
-7.58106 
17.75367 
4.32505 
19.80562 
15.08649 
-22.85496 
-5.92427 
-48.69226 
14.40888 
-21.77303 
-8.64493 
29.39919 
-18.15718 
28.71540 
-27.05379 
6.73534 
-9.98221 
20.57732 
0.96966 
9.07244 
-7.80749 
-19.31479 
-1.78093 
42.03886 
-7.69176 
9.68502 
-49.26560 
23.79729 
-2.24130 
-10.84332 
30.56876 
-5.90517 
42.26168 
-22.54331 
25.62143 
-26.77586 
26.38836 
-10.34778 
3.81132 
5.02428 
-14.68604 
14.76377 
-31.36931 
33.90193 
4.42122 
-13.19638 
19.23061 
-22.96228 
23.23045 
-22.34779 
-34.72451 
-12.36308 
14.76695 
5.23854 
-20.13239 
-26.23660 
-0.25870 
45.04428 
-40.03334 
9.53094 
-4.99890 
-0.92433 
-8.74294 
43.88273 
-11.51199 
48.46235 
-9.85542 
16.68092 
32.27566 
-3.58269 
-6.68048 
3.70774 
-20.91074 
30.13105 
-13.92609 
-6.28630 
15.16909 
-2.40051 
-12.66316 
-34.56472 
-42.45683 
15.91328 
3.50587 
-7.01994 
1.41603 
-5.55294 
17.69064 
28.03786 
-13.80536 
20.56633 
-0.49525 
-5.96191 
-11.46028 
-48.43760 
-12.99476 
-25.86482 
-20.82226 
-31.62686 
18.83722 
-2.36147 
2.84404 
5.82686 
-39.47845 
64.34298 
23.96454 
-6.23738 
-42.84950 
-5.05025 
-28.06193 
-30.63093 
44.26353 
33.11161 
-20.44302 
22.56140 
-8.20229 
-67.68780 
45.28206 
2.62365 
-6.80702 
9.53094 
-21.29270 
73.96369 
17.55864 
-8.09717 
1.07380 
9.68422 
-15.64036 
13.59416 
5.98535 
30.99218 
31.76743 
12.94794 
16.93067 
15.29033 
19.98338 
26.36110 
-27.67903 
-27.17642 
15.69455 
-9.02220 
10.69944 
16.52526 
12.19982 
-3.65645 
-9.53063 
-6.26813 
10.22081 
39.21207 
21.41292 
-11.11284 
-9.99627 
-5.83862 
28.66748 
21.37721 
2.43774 
16.28929 
-19.95017 
-2.31790 
-18.23539 
-20.72340 
0.85422 
-23.21055 
-49.66140 
4.68723 
12.42680 
-7.08860 
-14.28215 
-61.91229 
-27.27694 
-56.56898 
7.81804 
18.57210 
11.85357 
19.09337 
-17.27653 
38.53768 
-0.92544 
-5.72566 
13.58484 
-0.16291 
26.93895 
-42.96633 
8.71851 
-3.75063 
-32.08204 
42.85619 
17.99112 
-14.30390 
-24.32632 
-8.60378 
36.73626 
-15.65410 
-0.15218 
24.97531 
-6.80812 
-13.79331 
-0.09862 
16.36789 
4.46810 
24.93561 
6.32209 
-13.34244 
20.21382 
-21.42205 
-57.02874 
26.14092 
12.14724 
-28.63141 
-31.07844 
12.29796 
-21.10470 
-33.19635 
-8.46493 
-12.93282 
8.37930 
16.65947 
-29.40246 
29.63687 
-1.51500 
-13.55555 
-31.87126 
-21.26988 
15.68289 
-9.62706 
7.84172 
-12.17356 
-18.34924 
10.32135 
-16.41023 
10.44651 
11.43188 
-1.45924 
-8.81322 
11.58532 
37.44445 
3.56261 
20.08398 
-57.23065 
-9.85070 
-35.97996 
-5.99235 
7.28960 
27.78010 
-10.36799 
-35.94226 
-21.21738 
-6.20643 
-1.16546 
-4.02604 
-23.36136 
-30.93050 
40.71024 
15.63849 
31.33293 
36.63029 
15.04486 
-15.64218 
23.33643 
-3.05177 
-16.28669 
-8.44966 
8.61088 
-18.86780 
-24.27986 
-17.85030 
2.96237 
-46.98872 
4.20287 
-16.05654 
-22.38329 
19.92024 
-29.28620 
18.75222 
-21.81751 
-5.92133 
-64.66312 
-2.66381 
7.30620 
-31.64421 
-13.15297 
-37.64738 
-13.39556 
2.42632 
-44.75827 
1.61463 
6.36671 
37.94952 
24.72800 
-9.67037 
22.59278 
-38.41058 
-54.02626 
-55.61489 
-9.15842 
-22.44505 
-6.96362 
-9.80881 
6.18255 
21.02805 
-41.87705 
41.73309 
7.94179 
-0.86529 
5.35022 
7.46438 
-1.86234 
-35.96830 
-2.28406 
-20.64777 
22.95741 
-14.42596 
9.49915 
-26.26831 
43.41876 
-45.56690 
-23.29036 
-12.24607 
-6.81739 
3.54747 
-6.65970 
-16.73104 
8.37307 
43.53093 
-12.41809 
1.21152 
-0.28965 
-12.39428 
14.82841 
-11.53887 
-12.50184 
-28.28960 
-27.48343 
24.71069 
-12.28832 
-16.67785 
14.71493 
-68.28653 
-28.21815 
0.25445 
26.36839 
4.63406 
22.59693 
20.82468 
21.07172 
29.97588 
2.77589 
21.37495 
30.34990 
31.68715 
-42.20379 
-16.03976 
-37.85913 
-17.83632 
4.15020 
7.12532 
29.33085 
23.20269 
-76.87239 
-9.48225 
2.65165 
30.12195 
-27.10672 
39.51641 
-23.63614 
28.88684 
-14.28459 
9.83729 
-28.84555 
12.90991 
39.60002 
7.97578 
29.58557 
-19.80435 
-26.63603 
21.18417 
-15.01667 
9.89938 
17.32187 
33.71826 
-0.37991 
-27.81364 
49.06752 
-27.18599 
-7.12941 
12.01565 
49.78101 
-5.95123 
6.96526 
-19.96196 
-13.28843 
0.22865 
-1.99671 
14.08564 
15.61609 
3.97065 
13.42939 
16.55154 
-2.73529 
-14.90961 
16.32472 
-24.78588 
9.51222 
-13.97621 
24.42758 
9.33675 
19.26169 
-15.49138 
-21.86314 
-5.55064 
1.38000 
-38.02961 
-12.95614 
5.40265 
-15.46462 
17.30696 
-24.46681 
-2.23266 
12.67267 
7.57878 
-8.47711 
-23.46011 
-45.26676 
-11.39082 
-16.65717 
11.79206 
-17.77916 
7.52056 
52.71240 
3.62181 
6.73347 
-42.41688 
6.20571 
26.76984 
12.96860 
12.40591 
19.98823 
20.69986 
1.10354 
-7.93050 
-2.53797 
-6.71124 
-25.40964 
-0.45935 
-5.79861 
-7.14348 
-26.69902 
-19.14516 
13.12644 
67.16618 
-25.30184 
28.41615 
16.90735 
37.09329 
43.18265 
4.46636 
12.30893 
14.25151 
4.31128 
-8.50320 
35.92222 
-11.27112 
-6.15053 
-15.00116 
-1.91145 
30.15181 
24.29645 
-35.79752 
36.84481 
35.46296 
-39.04255 
7.94799 
16.36020 
-23.93409 
-9.60293 
-15.11391 
4.95596 
2.96991 
5.84352 
-40.66599 
3.43009 
13.41931 
15.66181 
28.25621 
-23.71120 
-21.39307 
-16.47889 
24.01201 
5.60328 
-10.72935 
-53.29869 
0.86789 
-10.55210 
-10.65864 
-22.02577 
23.06948 
-24.42099 
2.16638 
-24.45426 
6.62210 
-20.53716 
8.65276 
9.83482 
-10.29856 
-6.70036 
1.59675 
4.54253 
2.64912 
-13.98584 
7.52165 
-20.93869 
14.54110 
17.42545 
9.34094 
-30.45335 
-4.84509 
13.77581 
-7.26783 
-34.24005 
-31.54434 
3.02907 
-12.58589 
14.29582 
11.34410 
-30.41888 
7.81202 
-5.04459 
43.62555 
-19.10776 
-24.25767 
-30.39901 
-3.67911 
-1.03226 
55.14143 
-13.45351 
17.63996 
-17.76249 
-14.86162 
-6.18718 
-14.34510 
0.43617 
-16.97548 
-38.36183 
24.55162 
-10.07303 
15.42171 
-20.72041 
11.35471 
-28.47195 
9.77709 
15.89143 
17.67391 
1.03476 
31.72149 
34.27144 
50.75433 
11.35074 
37.38805 
-2.39555 
-19.76158 
9.49731 
-13.37224 
-7.25649 
24.50962 
-37.78683 
-24.42879 
15.94278 
-45.61069 
-5.41397 
-26.39507 
15.01146 
-6.93704 
22.53647 
65.21560 
-12.94123 
43.64686 
-4.36418 
-5.00320 
16.69211 
-7.90037 
2.82361 
13.01848 
18.70152 
8.96421 
6.64516 
6.90456 
30.80671 
-6.03129 
-27.04135 
-42.31743 
17.73513 
-63.48195 
32.50683 
-8.65079 
-13.40041 
-29.15899 
18.48963 
1.36590 
-10.23744 
53.07617 
3.76602 
-16.91527 
11.75872 
-25.29280 
-9.26625 
28.97979 
22.99701 
9.39097 
-22.43256 
11.10842 
25.05582 
-29.07107 
-34.24526 
17.45331 
-11.15256 
29.33298 
-17.73944 
-27.34980 
-22.28547 
-29.44701 
34.69762 
0.63954 
18.43601 
-5.18583 
-6.39731 
8.24765 
5.76162 
39.90680 
30.37510 
11.00909 
-11.22122 
-1.24846 
13.16712 
-3.81523 
-23.54927 
14.14310 
2.08684 
18.96593 
26.57946 
-46.52464 
-13.25939 
-9.21492 
-52.59503 
-8.11974 
-7.69672 
-4.17644 
7.57665 
-19.53114 
6.97645 
-0.39513 
21.85219 
31.88002 
